Summary of sequences of small complexity=15 which DO NOT yield debruijn sequences:
Total number of sequences in this file: 764
0000000000000011
0000000000001001
0000000000010111
0000000000011101
0000000000100001
0000000000101011
0000000000110101
0000000000111111
0000000001000111
0000000001001101
0000000001010011
0000000001011001
0000000001100101
0000000001101111
0000000001110001
0000000001111011
0000000010000001
0000000010001011
0000000010010101
0000000010011111
0000000010100011
0000000010101001
0000000010110111
0000000010111101
0000000011000101
0000000011001111
0000000011010001
0000000011011011
0000000011100111
0000000011101101
0000000011110011
0000000011111001
0000000100000111
0000000100001101
0000000100010011
0000000100011001
0000000100100101
0000000100101111
0000000100110001
0000000100111011
0000000101000011
0000000101001001
0000000101010111
0000000101011101
0000000101100001
0000000101101011
0000000101110101
0000000101111111
0000000110000101
0000000110001111
0000000110010001
0000000110011011
0000000110100111
0000000110101101
0000000110110011
0000000110111001
0000000111000001
0000000111001011
0000000111010101
0000000111011111
0000000111100011
0000000111101001
0000000111110111
0000000111111101
0000001000001011
0000001000010101
0000001000011111
0000001000100011
0000001000101001
0000001000110111
0000001000111101
0000001001000101
0000001001001111
0000001001010001
0000001001011011
0000001001100111
0000001001101101
0000001001110011
0000001001111001
0000001010000011
0000001010001001
0000001010010111
0000001010011101
0000001010100001
0000001010101011
0000001010110101
0000001010111111
0000001011000111
0000001011001101
0000001011010011
0000001011011001
0000001011100101
0000001011101111
0000001011110001
0000001011111011
0000001100000101
0000001100001111
0000001100010001
0000001100011011
0000001100100111
0000001100101101
0000001100110011
0000001100111001
0000001101000001
0000001101001011
0000001101010101
0000001101011111
0000001101100011
0000001101101001
0000001101110111
0000001101111101
0000001110000111
0000001110001101
0000001110010011
0000001110011001
0000001110100101
0000001110101111
0000001110110001
0000001110111011
0000001111000011
0000001111001001
0000001111010111
0000001111011101
0000001111100001
0000001111101011
0000001111110101
0000001111111111
0000010000100101
0000010001000011
0000010001010111
0000010001110101
0000010001111111
0000010010000101
0000010010001111
0000010010011011
0000010011100011
0000010100001001
0000010100011101
0000010100100001
0000010100101011
0000010100110101
0000010101000111
0000010101001101
0000010101010011
0000010101100101
0000010101110001
0000010110010101
0000010110111101
0000010111000101
0000010111011011
0000010111100111
0000010111101101
0000011000010001
0000011000011011
0000011000100111
0000011000111001
0000011001010101
0000011010000111
0000011010100101
0000011010111011
0000011011000011
0000011011001001
0000011011011101
0000011011101011
0000011011111111
0000011100001011
0000011100010101
0000011100100011
0000011100110111
0000011100111101
0000011101010001
0000011101100111
0000011110001001
0000011111110001
0000011111111011
0000100001000101
0000100001001111
0000100001010001
0000100001011011
0000100001101101
0000100001111001
0000100010001001
0000100010010111
0000100010011101
0000100010101011
0000100010110101
0000100010111111
0000100011000111
0000100011001101
0000100011011001
0000100011101111
0000100011111011
0000100100001111
0000100100010001
0000100100110011
0000100101011111
0000100101100011
0000100101101001
0000100101110111
0000100101111101
0000100110010011
0000100110011001
0000100110100101
0000100110110001
0000100110111011
0000100111000011
0000100111010111
0000100111011101
0000100111101011
0000100111111111
0000101000010111
0000101000011101
0000101000110101
0000101000111111
0000101001000111
0000101001001101
0000101001010011
0000101001011001
0000101001100101
0000101001101111
0000101010001011
0000101010010101
0000101010100011
0000101010110111
0000101010111101
0000101011000101
0000101011001111
0000101011010001
0000101011011011
0000101011100111
0000101011110011
0000101100001101
0000101100100101
0000101100110001
0000101100111011
0000101101000011
0000101101011101
0000101101111111
0000101110001111
0000101110010001
0000101110100111
0000101110101101
0000101110110011
0000101110111001
0000101111001011
0000101111010101
0000101111011111
0000101111100011
0000101111101001
0000101111110111
0000101111111101
0000110000110011
0000110000111001
0000110001001011
0000110001010101
0000110001011111
0000110001100011
0000110001101001
0000110001110111
0000110001111101
0000110010010011
0000110010011001
0000110010100101
0000110010101111
0000110010111011
0000110011001001
0000110011010111
0000110011011101
0000110011101011
0000110011110101
0000110011111111
0000110100010101
0000110100011111
0000110100100011
0000110100110111
0000110100111101
0000110101010001
0000110101011011
0000110101110011
0000110101111001
0000110110010111
0000110110101011
0000110110110101
0000110110111111
0000110111000111
0000110111001101
0000110111010011
0000110111011001
0000110111101111
0000110111110001
0000110111111011
0000111000100101
0000111000101111
0000111000110001
0000111000111011
0000111001010111
0000111001011101
0000111001110101
0000111001111111
0000111010001111
0000111010010001
0000111010011011
0000111010100111
0000111010110011
0000111010111001
0000111011001011
0000111011010101
0000111011100011
0000111011101001
0000111011110111
0000111011111101
0000111100010111
0000111100011101
0000111100110101
0000111100111111
0000111101000111
0000111101010011
0000111101100101
0000111101110001
0000111101111011
0000111110001011
0000111110100011
0000111110101001
0000111110111101
0000111111000101
0000111111001111
0000111111010001
0000111111011011
0000111111100111
0000111111101101
0000111111110011
0000111111111001
0001000100010111
0001000100011101
0001000100111111
0001000101001101
0001000101100101
0001000101111011
0001000110001011
0001000110011111
0001000110100011
0001000110111101
0001000111001111
0001000111100111
0001000111110011
0001000111111001
0001001000110011
0001001001011111
0001001001100011
0001001001101001
0001001001110111
0001001001111101
0001001010001101
0001001010010011
0001001010011001
0001001010100101
0001001010101111
0001001010111011
0001001011001001
0001001011010111
0001001011011101
0001001011101011
0001001011110101
0001001011111111
0001001100010101
0001001100011111
0001001100100011
0001001100101001
0001001100110111
0001001100111101
0001001101001111
0001001101011011
0001001101101101
0001001101110011
0001001101111001
0001001110010111
0001001111001101
0001001111010011
0001001111011001
0001001111100101
0001001111101111
0001001111111011
0001010001010011
0001010001100101
0001010001101111
0001010001111011
0001010010001011
0001010010010101
0001010010100011
0001010010101001
0001010010110111
0001010010111101
0001010011101101
0001010011111001
0001010100011001
0001010100100101
0001010100101111
0001010100111011
0001010101010111
0001010101110101
0001010101111111
0001010110011011
0001010110101101
0001010110110011
0001010111001011
0001010111010101
0001010111011111
0001010111101001
0001010111110111
0001010111111101
0001011000110111
0001011000111101
0001011001001111
0001011001011011
0001011001100111
0001011001101101
0001011001110011
0001011001111001
0001011010010111
0001011010011101
0001011010101011
0001011010110101
0001011010111111
0001011011000111
0001011011001101
0001011011011001
0001011011100101
0001011011101111
0001011011111011
0001011100100111
0001011100101101
0001011100110011
0001011101001011
0001011101100011
0001011101101001
0001011101110111
0001011101111101
0001011110001101
0001011110010011
0001011110011001
0001011110100101
0001011110101111
0001011110111011
0001011111001001
0001011111010111
0001011111011101
0001011111101011
0001011111110101
0001011111111111
0001100011001001
0001100011010111
0001100011011101
0001100011101011
0001100011111111
0001100100011111
0001100100101001
0001100100110111
0001100100111101
0001100101001111
0001100101011011
0001100101100111
0001100101110011
0001100101111001
0001100110010111
0001100110011101
0001100110101011
0001100110110101
0001100110111111
0001100111000111
0001100111001101
0001100111010011
0001100111011001
0001100111101111
0001100111111011
0001101000111011
0001101001010111
0001101001011101
0001101001101011
0001101001110101
0001101001111111
0001101010011011
0001101010100111
0001101010101101
0001101010110011
0001101011001011
0001101011011111
0001101011101001
0001101011111101
0001101100101011
0001101100110101
0001101100111111
0001101101000111
0001101101001101
0001101101010011
0001101101011001
0001101101101111
0001101101111011
0001101110010101
0001101110101001
0001101110110111
0001101110111101
0001101111011011
0001101111101101
0001101111110011
0001101111111001
0001110001110011
0001110010010111
0001110010011101
0001110010101011
0001110010111111
0001110011001101
0001110011010011
0001110011101111
0001110100100111
0001110100101101
0001110100110011
0001110100111001
0001110101001011
0001110101010101
0001110101101001
0001110101110111
0001110101111101
0001110110010011
0001110110011001
0001110110100101
0001110110101111
0001110110111011
0001110111001001
0001110111010111
0001110111011101
0001110111110101
0001110111111111
0001111000111111
0001111001001101
0001111001010011
0001111001011001
0001111001101111
0001111010010101
0001111010011111
0001111010101001
0001111010110111
0001111010111101
0001111011001111
0001111011011011
0001111011100111
0001111011101101
0001111011110011
0001111011111001
0001111100101111
0001111101001001
0001111101101011
0001111101110101
0001111101111111
0001111110011011
0001111110100111
0001111110101101
0001111110110011
0001111111001011
0001111111010101
0001111111011111
0001111111101001
0001111111110111
0001111111111101
0010010010100101
0010010010111011
0010010011011101
0010010011111111
0010010100110111
0010010101001111
0010010101011011
0010010101100111
0010010101101101
0010010110010111
0010010110011101
0010010110101011
0010010110110101
0010010111001101
0010010111010011
0010010111111011
0010011001010111
0010011001011101
0010011001101011
0010011001111111
0010011010011011
0010011010100111
0010011010101101
0010011010110011
0010011011001011
0010011011010101
0010011011110111
0010011011111101
0010011100101011
0010011100110101
0010011100111111
0010011101001101
0010011101010011
0010011101100101
0010011101101111
0010011101111011
0010011110010101
0010011110011111
0010011110110111
0010011111001111
0010011111100111
0010011111110011
0010100101010111
0010100101111111
0010100110011011
0010100110100111
0010100110110011
0010100111001011
0010100111010101
0010100111011111
0010100111110111
0010100111111101
0010101001011011
0010101001100111
0010101001101101
0010101001110011
0010101010110101
0010101011001101
0010101011010011
0010101100101101
0010101101001011
0010101101010101
0010101101011111
0010101101110111
0010101101111101
0010101110101111
0010101110111011
0010101111011101
0010101111101011
0010101111110101
0010101111111111
0010110010110011
0010110011010101
0010110011011111
0010110011110111
0010110011111101
0010110100110101
0010110100111111
0010110101001101
0010110101010011
0010110101111011
0010110110111101
0010110111001111
0010110111011011
0010110111100111
0010110111110011
0010111001011111
0010111001111101
0010111010101111
0010111010111011
0010111011011101
0010111011101011
0010111011110101
0010111011111111
0010111100110111
0010111100111101
0010111101001111
0010111101011011
0010111101100111
0010111101101101
0010111101110011
0010111110011101
0010111110110101
0010111110111111
0010111111001101
0010111111101111
0010111111111011
0011001100111111
0011001101001101
0011001101101111
0011001101111011
0011001110011111
0011001110110111
0011001110111101
0011001111001111
0011001111011011
0011001111100111
0011001111101101
0011010011101111
0011010011111011
0011010110111011
0011010111010111
0011010111011101
0011010111101011
0011010111110101
0011010111111111
0011011001101111
0011011001111011
0011011010111101
0011011011001111
0011011011100111
0011011011101101
0011011100111011
0011011101010111
0011011101011101
0011011101101011
0011011101110101
0011011101111111
0011011110100111
0011011110101101
0011011111011111
0011011111110111
0011011111111101
0011100111001111
0011100111011011
0011100111101101
0011101001111101
0011101010101111
0011101010111011
0011101011010111
0011101011101011
0011101100111101
0011101101001111
0011101110110101
0011101110111111
0011101111101111
0011101111111011
0011110101010111
0011110101011101
0011110101110101
0011110101111111
0011110111011111
0011110111110111
0011110111111101
0011111010110101
0011111010111111
0011111011101111
0011111011111011
0011111101011111
0011111101110111
0011111101111101
0011111110101111
0011111110111011
0011111111011101
0011111111101011
0011111111110101
0101010101101111
0101010101111011
0101011010101111
0101011010111011
0101011011010111
0101011011101011
0101011011111111
0101011101011011
0101011110111111
0101011111101111
0101011111111011
0101101101111111
0101110110111111
0101110111101111
0101111011011111
0101111011110111
0101111101101111
0101111110110111
0101111111011011
0110110111011111
0110110111110111
0110111011101111
0110111101110111
0111101111111111
0111111011111111

