Summary of sequences of small complexity=15 which yield debruijn sequences:
Total number of sequences in this file: 260
0000010000010011
0000010000011001
0000010000101111
0000010000110001
0000010000111011
0000010001001001
0000010001011101
0000010001100001
0000010001101011
0000010010010001
0000010010100111
0000010010101101
0000010010110011
0000010010111001
0000010011001011
0000010011010101
0000010011011111
0000010011101001
0000010011110111
0000010011111101
0000010100010111
0000010100111111
0000010101011001
0000010101101111
0000010101111011
0000010110001011
0000010110011111
0000010110100011
0000010110101001
0000010110110111
0000010111001111
0000010111010001
0000010111110011
0000010111111001
0000011000001111
0000011000101101
0000011000110011
0000011001001011
0000011001011111
0000011001100011
0000011001101001
0000011001110111
0000011001111101
0000011010001101
0000011010010011
0000011010011001
0000011010101111
0000011010110001
0000011011010111
0000011011100001
0000011011110101
0000011100011111
0000011100101001
0000011101000101
0000011101001111
0000011101011011
0000011101101101
0000011101110011
0000011101111001
0000011110010111
0000011110011101
0000011110100001
0000011110101011
0000011110110101
0000011110111111
0000011111000111
0000011111001101
0000011111010011
0000011111011001
0000011111100101
0000011111101111
0000100001100111
0000100001110011
0000100011010011
0000100011100101
0000100011110001
0000100100011011
0000100100100111
0000100100101101
0000100100111001
0000100101001011
0000100101010101
0000100110000111
0000100110001101
0000100110101111
0000100111001001
0000100111110101
0000101000101011
0000101001110001
0000101001111011
0000101010011111
0000101010101001
0000101011101101
0000101011111001
0000101100010011
0000101100011001
0000101100101111
0000101101001001
0000101101010111
0000101101101011
0000101101110101
0000101110011011
0000110010000111
0000110010001101
0000110010110001
0000110100101001
0000110101000101
0000110101001111
0000110101100111
0000110101101101
0000110110001001
0000110110011101
0000110111100101
0000111001001001
0000111001101011
0000111010101101
0000111011011111
0000111100101011
0000111101001101
0000111101011001
0000111101101111
0000111110010101
0000111110011111
0000111110110111
0001000100101011
0001000100110101
0001000101000111
0001000101010011
0001000101011001
0001000101101111
0001000110010101
0001000110101001
0001000110110111
0001000111000101
0001000111011011
0001000111101101
0001001000100111
0001001000101101
0001001000111001
0001001001001011
0001001001010101
0001001101000101
0001001101100111
0001001110011101
0001001110101011
0001001110110101
0001001110111111
0001001111000111
0001010001011001
0001010010011111
0001010011001111
0001010011011011
0001010011100111
0001010011110011
0001010101001001
0001010101011101
0001010101101011
0001010110001111
0001010110100111
0001010110111001
0001010111100011
0001011011010011
0001011100011011
0001011100111001
0001011101010101
0001011101011111
0001100011110101
0001100101101101
0001100111100101
0001101001001001
0001101010001111
0001101010111001
0001101011010101
0001101011110111
0001101100011101
0001101101100101
0001101110011111
0001101111001111
0001101111100111
0001110001111001
0001110010110101
0001110011011001
0001110011100101
0001110011111011
0001110101011111
0001110111101011
0001111001100101
0001111001111011
0001111100100101
0001111100111011
0001111101010111
0001111101011101
0001111110111001
0010010010010011
0010010010101111
0010010011010111
0010010011101011
0010010011110101
0010010100111101
0010010101110011
0010010110111111
0010010111100101
0010010111101111
0010011001110101
0010011011011111
0010011110111101
0010011111011011
0010011111101101
0010100101011101
0010100101101011
0010100101110101
0010100110101101
0010101010010111
0010101010011101
0010101010101011
0010101010111111
0010101011101111
0010101011111011
0010101100110011
0010101111010111
0010110101101111
0010110110011111
0010110110110111
0010110111101101
0010111001110111
0010111011010111
0010111110101011
0010111111010011
0011001100110101
0011010101010101
0011010101011111
0011010101110111
0011010101111101
0011010110101111
0011011010011111
0011011010110111
0011011011011011
0011011111010101
0011101001110111
0011101011011101
0011101011110101
0011101011111111
0011101101011011
0011101101101101
0011101110101011
0011110101101011
0011110110101101
0011110111010101
0011111010101011
0011111101010101
0011111111010111
0011111111111111
0101010110110111
0101010111011011
0101101011011011
0101101111011111
0101101111110111
0101110111111011
0101111101111011
0110111111111111

