Summary of sequences of small complexity=4 which yield debruijn sequences:
Total number of sequences in this file: 500
00041
01013
01031
00104
00203
00221
00140
00122
00032
00023
00311
00334
00320
00244
00433
01004
00113
00230
00014
00401
00302
00410
00442
01040
01130
01112
01144
01121
01220
01202
01211
01324
01301
01400
01414
01333
01243
01342
02012
02021
02003
02030
01432
02111
02102
02224
02242
02210
02314
02300
02233
02323
03002
02341
02404
02422
02440
03020
03043
03034
03101
03110
03133
03200
03313
03331
03241
03232
03322
03340
03403
03444
01423
04001
04010
04024
04042
04100
04123
04132
04141
04204
04213
04222
04231
04303
04312
04330
02143
02134
02431
04344
04411
04420
04443
04434
10004
10022
10031
10103
10040
10112
10121
10202
10130
10211
03124
03214
10310
03412
03421
10333
10400
10342
10414
10423
11012
11021
11044
10441
11102
11120
11143
11134
11003
11201
11224
11233
11300
11210
11314
11332
11413
10234
12011
11440
12020
11341
10243
12043
11422
11431
12101
12110
12124
12200
12034
10324
12142
12223
12232
12241
12313
12322
12412
12430
12444
13033
13010
12331
13042
13001
13123
13132
13141
13204
13114
13222
13213
13303
13240
13321
13330
13344
14014
13420
14000
13434
13411
14023
14113
14140
14131
14032
14212
14104
14221
14244
12304
14343
14311
14401
12403
14424
14442
14433
20012
20003
20044
20111
20120
20030
20143
20134
20201
20300
20210
20224
20242
20332
20323
20404
20413
21002
20431
20422
21011
21020
13402
21034
14230
21110
14302
21101
14320
21133
21214
21142
21223
21232
21241
21313
21322
21403
21340
21421
21430
21444
22001
22033
22042
22100
22024
22114
22213
22132
22123
20341
22204
22231
22240
22312
22321
22330
22344
22402
22411
22420
22443
23000
23023
23014
23104
21304
23131
23122
23203
23221
23212
23230
23302
23334
23311
23343
23410
24031
24040
24103
24013
24022
23424
23433
23442
24112
24121
24144
24220
24234
24202
24243
24301
23041
24310
24333
24324
23140
24432
24441
30002
30011
30020
30043
24400
30101
30124
24414
30133
30200
30223
30232
30331
30304
30313
30340
30430
31010
30444
31024
30421
30412
31033
31042
31100
31123
31141
31114
31222
31204
31231
31303
31312
30142
31330
31321
31411
31443
31434
32000
32041
31402
32113
32122
32131
32140
32014
32032
32212
30214
32203
32221
32244
32302
32320
32334
33013
33004
32424
32433
32343
33031
32401
31240
33103
33022
33112
33130
33144
33220
33211
33234
33243
33301
33310
33324
33342
33400
34003
33423
34030
33432
33441
34111
34021
34134
34201
34044
34233
34120
34314
34210
34242
34341
34323
34332
32410
34413
34422
34404
34440
40010
40001
40033
40024
40100
40132
40141
40114
40222
40240
40213
40231
40303
40312
40344
40402
34102
40420
40434
40443
41000
41032
41041
41023
41104
41113
41122
41131
41203
41230
41244
41212
41311
41320
41334
41343
41401
41410
41424
41442
42004
42040
42103
42121
40321
42202
42130
42144
42022
42211
42220
42234
42310
42333
42342
42414
42423
42441
42432
43030
43044
43102
43143
43111
43201
43224
43242
43300
43233
43314
43323
43332
43413
43404
43431
42013
43440
44002
44011
44034
44043
44110
44124
44133
44142
44200
44214
42301
44241
44223
43012
44304
44322
43021
44331
44340
44403
44421
44412
44430
43120
