

Debruijn Sequences generated by the sequence 11111 : 
0043301134023144241210322
0033201134042314302212441
0032301334041144310212242
0023403041014424332113122
0023303414011044324213122
0044103233014224340213112
0023203141043344224011213
0024403132043414221011233
0021403233044134224311012
0022103323041244201311434
0011304324033144102212342
0024204434033114132212301
0044301134103242140223312
0010402233143442032124113
0042303433120132110224144
0042203431123302101324414
0011403322134412431020423
0023103042134112433220144
0041203101143342244021323
0023204340103312214424113
0024404341122032331421013
0022404431120332341421013
0034304140124422313321102
0033204101131442124022343
0033104301132412144022342
0012204031143342441023213
0010304132142202431123344
0012204131142102430323344
0021104120144342403223313
0033104121142022401323443
0033101420211240432234413
0014102031224430421132334
0014202131223440411032433
0042303321220240141134431
0043303442240120213231141
0012404320221330344231141
0034104302233140121132442
0022101403304423113243412
0023301240311413432044221
0042101303314023411244322
0042202441330103212343114
0014103043321123134244022
0022403423321043120144113
0033204341311423012440221
0022304101332403143442112
0021301033411231442204324
0022301213411031433204244
0032201410443311342402123
0040301433442411322102312
0032302133410431144201224
0032102330413431124401422
0013303402422321141204431
0022103140442341243201133
0013404124431421103202233
0014110443033121324234022
0014411243040221342032331
0010311224043441330232142
0022411203042101314432334
0034312113020401442332241
0034112422023101440432133
0034312422023301441132104
0010413032024421122334314
0040313223024201144334121
0024413432031121422330104
0022314243034401121332041
0024314213034401122332041
0023410122133114324044203
0040210331132234301244142
0011310322142044124340233
0013210331142344122040243
0033211344123014220240431
0043311032124144201340223
0013311202141044322342403
0022411330140344321042312
0024112332101344303140422
0010312232130204241143344
0023412033130104211443224
0022412103134044201143323
0023212241130104203343144
0032212441130104202343314
0022014032104334231244113
0032314421120224301041334
0030214401122334313241042
0010314021134304122442332
0010214331132344124042203
0020114033132234121042443
0031214401130434102242332
0022411331201432104403423
0020311013214422433404123
0031411340212332442204301
0024412143234042201103313
0033012313243422021104414
0014113224210402344303312
0043413314211012324403022
0024114421203132230104334
0043014033231342112202441
0043210342311330224412014
0012210402332420343114413
0024411342312210432014033
0041311442343320302212401
0023113304321220103414424
0024413114334220401210323
0024314032341120442213301
0020114412342430403313221
0033014124340220442313211
0032314243341210440113022
0020110331404223441321243
0022310412401443420321133
0043110132402203414421233
0023310130411243214422034
0023010331411213204422434
0042110341443233130120224
0030211012404413143323422
0024411403421043223120133
0033011312423443221020414
0022011033431423044121324
0024411233432203010421314
0031011420434133022321244
0013411021440423303122432
0014311213441023320422403
0014311213442403302322041
0013211403441043312422302
0013211410442303343122402
0021411030442313320122434
0021411042443123301322034
0020411232440143303422131
0020411231443013340322421
0023011432440313342122041
0032311020441243301422134
0032011021443413312422304
0034311230442013324022141
0032011312442143341022304
0030211341443123320422401
0041311012442143340322023
0043011412440323313422102
0043011413442403321022312
0042112441401303343220231
0033012232411343142021044
0023312104420113430322414
0030412324420133431022114
0033212411420443401022313
0014212233443113032024104
0043412211440313023324201
0022013430411403324423121
0032113340422023144124301
0040213411423033101224432
0014113240430223442120331
0011413304432403422120231
0022013341442403231121043
0030113422441043233121402
0013114120403343210224423
0011214102432033130422344
0011214233432413103022044
0024214130434403101122332
0032414420430213101122334
0040314322441133421023012
0041423221013443311203024
0044023211014243341303122
0034223133044143212401102
0034224304023113321201441
0020124144043313421103223
0023320443124221011413403
0020421103143301323412244
0033221020144311340412423
0034023043122441133214201
0011223202130431442410334
0011223442130331432410204
0024323041131221442010334
0021123240133031443410422
0024223320131211403410443
0033024401104341221314232
0043324220102131234114403
0044324231103301213414022
0040224331103441232014213
0010324433122021340411423
0023224103120401334211443
0042024434123221303311401
0030224332134231101412044
0044224030132341143312021
0013020344221124043323141
0033420241221314044323011
0033020113234044314224121
0034220211230104313324414
0024321342203304110123144
0034221331201044114023243
0043321310201144122423034
0040121334241144323022031
0041121403244234331022013
0043423113220144102124033
0040323110244334220121413
0033424313211044014120223
0034424301213314022320411
0033424432213114041020123
0041420103311302234432124
0024220440331012321434113
0013321144310402422034123
0011421220310402441334323
0014221230310402441134332
0011221441310302432334204
0023221440311012420434133
0014421234320402241130331
0014221040334112024431323
0013221140334412042431023
0034221102330132041431244
0034321142330102044131224
0011223440302142041332431
0014423431302212040332411
0021223440304142011332431
0044223141301102034332124
0011424404320302334131221
0031220443411330232142401
0040120334413210231142243
0023120110432140342244133
0034121324423110220140433
0010221430441120313242334
0011221430441320310242334
0012023133411440304243221
0011423404410220331243213
0021323014411040342243312
0033123221424110134044302
0034223301431320412440211
0011223203440430242141331
0033223010443420211241314
0014324023422120310441133
0031224041433020113442321
0030224113431040121442332
0041224021430320133442311
0040224413432030121142331
0024331214044130323422011
0014132031024430421122334
0011032433021420413122344
0013432212030440241423311
0042132241031430201123344
0042132244031410201123343
0044132201034330242123114
0031433234041120244221013
0034133244042310220121143
0021234332031130104422414
0021434412033040132422311
0042434112033210144022313
0021130144103323422431204
0041131220144243340232103
0012232443102113342030414
0022132044101123342430314
0010432441140223033134212
0022432101140423033134412
0041332231140103024434212
0012233443102113042032414
0011233424103143022132044
0014433042122403113234102
0014133202124403110434223
0024233040121103144134322
0034433021140423224131012
0030234244122143320131104
0043230110203121442241334
0023430131244221104140332
0034230433244131122140201
0012231304203241102143344
0012231324203441102143304
0020131233211041430344224
0034231043211201402244133
0014331102240441320342123
0023431203241101330442214
0042032240212301133441431
0020432301221311403342441
0012232114240431020344133
0031432302241121013344204
0042232031243301021344114
0044033123202411014342213
0024033042212311320143441
0042033023211441312243401
0010233041221431134244032
0012433140221341103044232
0010233134224121143044032
0012033240223421131044143
0012133403224231102044143
0020133103223041124344214
0023033201221431134044241
0034233043220131124144021
0030233134221041120144324
0030433124223201134144021
0030133421220231104144324
0032133420223101143044124
0041433013224031102344212
0042433120221401132344103
0040133103223421141244302
0041033230220131124344214
0043133201224021142344103
0041033431224201132144023
0040134330203221231144241
0031334304211441012240232
0041134330214231012440322
0013034432233141121042024
0020334432231301124142104
0011334123240221420443103
0023134101244211403043322
0021331442304324112203401
0040131432302244121103342
0034431141330224042101232
0021332340311224104301442
0030232143311044122401342
0034232113312404102201443
0042032214313344112401023
0042132330311434124401022
0043032423311344140201221
0013432112330244220403141
0012033114321344102404223
0012133110324344142204023
0014034113302244231204321
0021230414403322431011342
0033130443402322414211012
0042330121403102443411322
0041130334431242322014021
0022330320443142113410124
0032231143401042124413302
0043231124403022141013342
0044231122403202143013341
0042231443402032124113301
0020331013411232442214304
0021131043412332422014403
0032231133410212443014204
0032231330412102440114342
0034431121420132240410233
0013031043441422332112024
0010431413440242332112203
0031132443401422330210412
0041032233440112024314213
0041032243440112021314233
0014133110402442032212343
0024233011404322034412131
0044233132401022034112143
0011033020424132122314344
0011233102422032130414344
0012233440424302103114132
0032233440420112102414313
0021233013431142440410322
0031233011434132440210422
0013233103441402204211243
0013233103443042212411402
0014033213442412202311043
0013033410442312243211402
0020433032440142213411231
0021233042443132201411034
0023433130441242214011032
0023133421440412243011032
0023033410442432201311214
0021033412443042232011314
0032433013442102231411204
0031233042443202214011341
0030133241443402204211231
0032433421440412202311301
0041433032440102234211312
0042433121440132203411023
0041233101443032240211342
0043033213442402231011412
0031234330411422013210244
0040234332414422012110313
0012134022420332304311441
0014134402420432330311221
0031334321424122302011044
0032134331424412304011022
0011034140442312432213302
0043034221441232402013311
0032340431013302241442112
0031242204011332144341023
0043242031013302122341144
0043142322012402103441133
0011342141032402230443312
0013342411030402231443212
0023242113034412201043314
0023042131034112201443324
0014243104020332122344113
0011343233022412103144042
0013243411023142122044033
0012241331143420304402321
0010342133123220411402443
0022343114120330132404421
0022443203121140134104233
0021343241123310142204403
0031343204142330224401121
0033443213142040224101123
0034243221144120230401331
0031244042133220114102343
0033244121130420143402231
0034044314133230121102422
0041140343224423010213312
0022441104203433123013214
0012241040213303443114232
0031041324212233440114302
0041442311202243303210134
0010442023214303122411334
0012442233210203143411304
0030142240213433104411232
0032442302213343120411401
0010442403221433411312302
0043342412230203210113144
0024043142232033441210113
0024043141232203442110133
0030443224233113401410212
0013244021220423303411431
0010344124223043313211402
0012044143224213340311023
0012044240221303323411431
0014344213224023310411203
0020344104223013324311214
0024044213223103343011412
0023044201224313321411034
0023144301220403324211341
0020144303224213340411231
0034144021220423324311013
0034144024223043312011321
0030144324221023313411204
0043244034221023313011412
0042144123220243301311034
0042144120223103343011324
0042344101224313320211403
0041244313220103340211423
0011044030233413143212242
0033044010234113142212432
0041144210232203133012434
0043344202232103130112414
0023144101243033422113204
0021144312240103420413323
0040144220243323412113031
0023440413301031424321122
0043440113302231410321242
0042240102303411443321312
0030440134321411022423312
0022440321341231101420433
0014241344303121104023322
0042241431302101120323344
0041442324303401331120221
0043442412313301103221402
0034042413323101443022112
0024043311303441012322142
0021443403304231011322412
0024143403312211304423201
0021043442320131141224033
0030143422321041133124402
0023243011331221440420341
0012144240311341023220433
0024344013311221041420323
0022344043314121032420113
0034044213312411022320143
0014244032331021134122043
0010344142330431124022132
0012044140332421131022343
0014344240332131104122023
0023044120332401143422131
0021044230334131124322014
0021344310330141120422324
0034144042330131124322021
0032044014331341102422123
0032044021334101143122423
0030144134331021120422324
0034244312330401132022141
0031244301332021140422341
0030144321334231104122024
0041244014330321131022342
0042344124331401132022103
0040244230334101143122132
0042344310330121141322402
0023040134411224214332031
0021140330410134224432312
0031240133411044221432302
0033040113412144202232431
0031140210413344201232243
0043340301411244223132021
0013340311442104122430232
0033140113442124102230432
0011441233430224042031321
0022441120430134033231421
0023041211432244010331342
0042141122440234301332031
0011043031421244132334022
0030143320440224234131121
0010244121420304322331134
0012244133420214323031104
0032344110422124301331402
0040144103421224330231132
the number of Debruijn sequences: 480

Debruijn Sequences generated by the sequence 22222 : 
0033201411023443130421224
0041301032023343114221244
0041101323022033143421244
0044201141032433402122313
0041401232031133443022421
0043301214031323442022411
0042301411033213443122024
0014102113032233120424434
0011402213034123104424332
0031102213041233432420144
0022103143011233204424134
0043403313011223214424102
0023201031142241213433044
0044301341142031240233221
0044202301103341221431324
0034202101123041322433144
0041102430122321314033442
0044103202114301231334224
0011403132122341024330442
0034404332110201424131223
0022301144213324312040341
0041201034213224311440233
0032401202231134433042141
0034101311240214220443233
0034401312241104202143323
0033102213201434230441124
0041403130201124423343221
0011203102214324233044134
0011403202212334243044131
0011203242234044302141331
0024403012231134332041421
0020103214234404312241133
0024403212234204310141133
0042203240233134301441121
0013103230243344121142204
0043303132244014112342021
0044303312240114132342021
0020304411231334014243221
0044201230334132431402211
0021101304344142232403312
0042102011322412334403143
0044102421322012311403433
0014402320331122134304241
0030102311334322144204124
0021303243312342201404411
0014204110321312243302344
0014104211320312233402443
0031101334430240421412232
0034101142440430232213312
0011202340422430314413321
0013203104411230242214334
0024303140442110133412232
0023204012443310342214113
0023404212441330322014311
0012311413032240433442021
0013211433034120440242231
0043112423033210141344022
0034313224011420233044121
0042413114012210203344323
0042313324011030214344122
0021314424010330432341122
0034214432012310402241133
0034214433012320402241131
0033214402013110434241223
0023214012043310342244113
0022014311042340321244133
0024011223142133204303441
0024211220143133234403041
0030212314104433242201134
0042112334103143224401302
0013312232110443034202414
0023013221104433412403142
0021314224110433440301232
0010414231122033244302134
0013414221124303204402331
0034214110122313243302044
0031014341122133230402442
0034014423121133224302041
0042114130122443203102334
0042210233201141344312403
0022411343201231044214033
0024411331204221034014323
0013311042230341443212024
0023311034244301221413204
0023211404243301220313441
0043411030242201233213144
0032212440233431130414201
0010413433244231140212203
0024414331204221134010323
0044214033202241134310123
0020314332230441011213424
0032114412230201043313424
0044314202230341011213324
0011210331304144323422024
0034110242301204331322144
0042410323301144312022134
0032210113312434144023042
0044110140331234221320243
0023211220304334014424131
0033411214302044013224231
0043411022303144013324212
0012411022313214330420344
0042411021312234330320144
0012411034331404423022132
0014311021334204412322403
0014311342330324404122102
0010211432331304403422412
0021411201331034424322304
0021411201332304403422431
0021011320334124431422304
0023011421334324404122031
0032311014330204413422124
0034311242330214401322041
0032411202331014430422134
0031011421334304412022324
0040311014330234421322412
0042411034331214402322013
0041311210332434423022014
0041211342330324431022014
0042011324331034414022123
0041011320334314402122423
0014411330340224204323121
0022011040343214244123133
0022411204344014210323133
0024411330343104201223214
0014412231302034243321104
0031412243301044232021134
0033412244301404231021132
0034412331304014243221102
0014412110324204330223134
0014412211320424331023403
0040112021322414334423103
0042212031324114344023301
0021012031332344114224043
0020312321330434114224401
0013312242340214430320411
0012413110322344021420433
0030413114323344024220121
0022013230334124314421104
0031013442332414304021122
0012113142343244104022033
0014213112343324103022044
0024213044340114103122332
0023213304340314110122442
0012214331302344110420324
0032014411330224043123421
0032014431330224042123411
0031410220401242334432113
0013410311433212244230402
0041310212433442203230114
0033011241404322023134421
0034011041422332124431302
0043011034424122140231332
0013411031440212243233042
0010311243441402213233042
0010411213442032240233143
0010211342440412203233143
0014211340441202231033243
0020411032442312213433014
0024311230442132201033414
0020411213443242231033014
0024211301443412204033231
0024011430441342212033231
0032311021443012204133424
0030211201441342232433104
0034311240442302214133201
0032011312443402214233041
0032011410440212243133423
0031211402443042234133201
0040211201441032243133423
0041011402442312213033432
0024412103401432204231133
0024412143401332204231103
0013412031422402304433211
0040212411422032310133443
0023112204430332140134241
0041312401432202110334423
0030213110401442412233432
0021013314411232242034043
0040113314412102243234203
0012113103422332024430414
0032213110423412024330144
0022113241430442340331201
0041213202433422301031144
0034014430424102211332312
0012314104432242021133403
0024414223430312040133211
0034414012431102042133223
0040314102442122301134332
0023220331011242143413044
0043321314012242344110203
0020321014043342244113123
0030121441043402233113242
0023322431030442134014112
0020122443031332110414234
0044322401034202123314113
0043123421013302244114032
0044123431013302242114032
0013124221040302334114432
0013124344041102332214203
0013224344041202330314211
0024420304114340131223321
0031420134122110443324023
0043321223113440302420141
0041221103142440201323343
0043322134124420314023011
0032122334131140104424302
0011023243130440334121422
0014123431132420330221044
0043123014132240334421102
0040223324134310301121442
0030420112214413102433234
0041320244211223143033401
0021420112234133244030431
0022120144234033243130411
0021122404232033144134301
0044322110230133142034124
0011422133241023440430312
0031122014243233402130441
0044023014203113412433221
0012423302210313204434114
0020123042213103244334114
0020423112214133243034401
0040223011214413242034331
0014123342240443102032113
0010423302244113121432034
0043224114202133101230344
0014424332210203404131123
0020124414210403432231133
0041324011210203422331443
0044324201213033402231141
0041424432210203401131233
0031220214304401323342411
0040220112303441332142431
0044120324302331340142211
0041020112322421403344313
0041120210322431423344013
0034220132331411210240443
0022321103314301344240412
0023221430310441334240112
0044021310322301143341242
0010221344332031411242304
0044021132334301412242031
0014221130344041233243102
0030421322341011202443314
0010422024303321231141344
0012022340313211044142433
0044022011312341033242143
0043322411314401020342123
0014022042331321124344103
0014122040332431102344213
0010422132331241140344302
0014022124334231132044103
0013122410334021143044232
0021322042330341101244314
0021422301332031124344104
0021422320334101131244304
0023122421332041140344301
0023122421334301104144032
0032122024334231130144041
0031022324330141121344204
0031022321334301142044124
0042322034331241102144013
0042322010334121140244313
0041022314330121134244032
0040322414330231101344212
0040322412331021130144342
0011022124341331442040323
0043322301342031441240211
0021223240301131420443341
0014323340310421202244113
0022423204314011210344133
0022423411314321201044033
0043423210313301202244114
0030123144332211342041024
0034224332302101131440412
0011024414322131234042033
0023424411331221014043203
0031324422330121041143402
0010324143340211312044223
0011424322340331302044121
0041124203340221310144323
0023221443420304133101124
0031321123422024143301044
0044322112402314203301341
0012322130424114334403102
0040122021423344311303241
0043223342401214410203113
0031023011412134224404332
0043324231413034402201121
0011024121431344042203323
0014130312021104432334224
0023431203040114244133221
0021431322041234244033011
0022131411044324201233034
0022134232014304410331124
0021134322010304412331424
0041034212013224402331143
0041434221013324402031123
0012434403022114233132041
0031434012021104244132233
0031234144024304201332211
0034430204101322331142124
0031330221104412320142434
0041330321102012343142244
0044330142132412202340311
0010330213142322044341124
0043031122101332024144234
0042331301103412022144324
0041431022112442330340132
0043231301124422103341402
0010231344142032211243304
0042031334140212232443011
0023432133101242203041144
0034432312104202240141133
0013233034110212243144042
0014033023112132204344241
0014033042113202231244341
0013433124110302214044232
0010233142113412203244043
0012433102114042230344132
0010233213112042240344143
0023433014112042213244031
0020133234110312243044214
0024033230114342212044131
0023133430114212203244041
0032433023110142212044134
0034133120110242232144304
0034133243112302214044201
0030433410113202231244214
0042133120110232240344143
0041033240114302231344212
0042033410113212243144023
0013033421124322044140231
0024233430122132041440311
0043133021122442032340141
0044133031123242014340221
0032334143101302112240442
0031334324121102201442304
0013034321141202331044224
0013431442233240410302112
0011331421234030443202241
0012131403234110443302242
0044131223240110214303342
0042131432241120234403301
0044331401242230213203411
0024432112231340103304142
0012433034211440223204131
0013033123211410242204344
0011433242210340231304412
0020134211241440322304331
0012430211322033442314104
0011030221324233404414312
0012230420321133402414431
0031130102322433441214042
0042230110320213443314124
0041030213322443423114012
0011230221334243204410314
0021130122334203244310414
0010231140330443413212242
0022031012342433214113044
0022332411310443034012142
0044332240310213011412342
0041032422314433020112134
0034232244330413102114012
0014133220344243102112304
0020433242340103144112213
0024433211340423141012203
0030233201342443110412214
0032230131443341020421124
0010331443411221302320424
0043031234414011332420221
0043031232414401334220211
0044332203401311241021423
0012032143424411330223104
0024432030421101331223414
0011033020413221234424314
0022033010411321231424434
0031133404414201210224323
0032233420414401211024313
0030233440431141324221012
0042233124430201340321141
0041233202431011344221403
0013233042440341143122021
0013233043441031124022142
0010233143442041121322403
0021433042440341101322312
0020133243441031121422304
0024033231443421130122041
0024033430442101141322312
0023133421443041120322401
0031433013442041121022324
0032433121440201130422341
0034233241440431102122013
0034233240441201131022143
0034133202443121140422301
0041233102440301143422132
0040233101443421130322412
0040133203441021143122423
0043033421441201131022324
0041033402443121142322013
0032334122404431101420213
0031134324410401420221233
0014334104421131240322302
0010234430421311203322414
0020334041423101244322113
0024334411420401231322103
0020334301442311322124104
0032341442021331122401043
0033041422023431132101244
0013441211033231424302204
0040243233031121342201441
0013443103041221142402332
0043440330112024142313221
0032340201122104413314243
0022441330104234032114312
0023341312104424030114322
0033441232102204013114243
0042441330103234022114312
0013442204110214032312433
0013142234110204033212443
0023442030113224043312141
0021442230113324034312041
0021142233120304344013241
0022442332120104314113403
0022342440120304332113141
0023442410120304332213114
0041442330122024340313211
0023342413140304432210112
0022343303140104113212442
0041140331243442022321301
0022441334210112314320403
0022441404210312334320113
0043141032212442334020113
0043441140212422301320331
0042241430211012331320344
0013041031244332211423402
0011442040233122130324341
0040342201231102141324433
0011043302203132442123414
0030443112201332414023421
0033143412201102421323044
0031143440204212413223301
0010443114213412202324033
0033443010214132231124042
0020143311244042130322341
0034043313241442101122302
0041443201240302113422331
0041240220314230134433211
0012440331322110414234302
0030240113321420412234431
0013441102312140324330422
0024041211322330103431442
0022341303320440112431421
0042141023322030134431124
0011441020331340422432123
0022441401330310434232112
0011241442343220213033104
0020442310332240121434113
0022442310332140120434113
0013242143341220440230311
0012443032311040221334142
0010443221312030242334114
0032443042310140211334122
0030443321314010242234112
0023143041344240120332211
0011040221413033123443242
0013440422410203121143323
0011340432442123033141022
0021040133442243031141232
0030141220433113440242321
0031341221440233204243011
0013442112402033223041431
0031142120402233244341013
0043142134401103220241233
0030242113432233141044012
0032242301433413112044021
0013343102421123044140322
0011343121422033023240441
0011343314421223032040241
the number of Debruijn sequences: 480

Debruijn Sequences generated by the sequence 33333 : 
0012102242044332341131403
0033402412044322301131421
0024403342014322123130411
0044103342021432401131223
0041403442023322430131121
0013204144022342112433031
0012204341024232113033144
0014104323024422112033134
0011304414023122103433242
0014204023032212441334311
0014404232033022412134311
0022304144032112420134331
0032301043112240213341442
0032101343114220233041244
0031202410113440422143323
0042302401144320313341221
0044303210133120241142234
0021404413110120323342243
0024404221120310134143323
0041401344230243322103112
0041301440234243312203211
0034202312243213304101144
0020403244221233411301431
0041103230224433421201314
0013403044233143221102412
0011403134233043244102122
0034404201211413323102243
0011304320221423124103344
0030201144324221041312334
0014102420304431132212334
0011202243310441423213034
0012202423311041443213034
0042402320312211434413301
0013302310322421204114434
0031102043324421223014134
0030402341321101243314422
0031102343321301240414422
0044302313321011203414224
0044102303343221312011424
0044302403341231322011421
0022403342304121320114431
0021404244310341330112322
0021104243314401303412232
0023104303324421122013414
0014304021342331244110322
0033204411342231243010214
0021101223440304131424332
0044102423433214031220113
0011402303441204324221331
0011303204402214334124231
0014403120433234241022113
0021303404432014233122411
0011204214413024310322334
0032304024413314342122011
0042112402014334413103223
0010312322024434213304114
0042114344022324131203301
0022014133032124423404311
0023214113034224433104012
0034010422113312024414323
0044210123113432022414033
0042110133140302434412232
0044010334142022432112313
0044212241134332023010314
0044212434133022032310114
0042212403134432011410233
0012413421104402330314322
0024413430103322311214042
0042113443103022332014124
0023313204122142443011034
0020313442123322414011043
0024214334110322301312044
0020414330122442110313234
0020310442234130143321124
0043110224233440141321203
0014310330241320421122344
0032412014211310430223344
0023112013240410344221433
0020112234241040313321443
0043112023244010334221413
0040112334243020313221441
0042313412214330110320244
0030113240223310434121442
0033113240223410430121442
0044314113212330342022401
0033114104220240121323443
0044114030224210133123432
0013414032233020421124431
0033214202230110443124134
0031014344233220402124113
0042114403243410231220133
0014410224312113033234204
0024412110301343142332204
0022412143304403134232011
0020112443304223141032134
0044012203302423113432141
0014112304310203442133224
0021012242314113404433203
0030412244311013420233214
0022112040341423324431013
0040112441342143303231022
0010213304324403414231122
0044113010322433420231214
0042014024311223344132103
0012414023343113221030442
0013314120344043224230211
0012114410343133204230224
0033114101340243221230442
0033114221340443241230102
0023210304433401142241312
0012110220443031413242334
0033212202410401442343113
0032213142410201123340443
0014113220433031210242344
0032113140430201223342441
0033213110430201223442414
0033113223430401241442102
0034413322430201211042314
0032113020442331012243414
0034113320442231021243014
0042113301440341023243122
0042413321440301022343112
0013114220402321033441243
0022114323403301042441312
0032214243401131020441233
0033114220401321023441243
0041420243034401123221331
0024121043034401311423322
0024321411031201304223344
0043121102033441322423014
0014121334042231103024432
0014021343042331103224412
0034421233040201143224131
0033421323041201140224431
0033424144011231304322021
0034124233014321311022044
0032124302010441311422334
0023320424112214030134431
0023221433101124404130342
0030221204113244233431401
0030221014132404311233442
0031221144130104324233402
0040321120134244302233141
0041221401134424310233203
0024421231140104130334322
0014022103112434413233042
0012022134114304424033231
0010422302114034412433132
0014322403110204412133423
0010322404112134420233143
0024122042113014434033231
0021322314110124403433042
0021422303112434410133204
0021322310114304424033412
0023122434110304420133214
0034122013110214404233243
0032422134112014430233104
0031022120113404414233243
0031022324112134420433014
0030422312114024434133201
0042322013110214412433034
0042322012114024431033413
0040322412113014434233102
0014322303124044211334102
0013322431120304210234414
0020322110124414231334043
0023322130141104344031242
0024422101141304340331232
0033022040144234324131121
0044022030142334321131241
0011223302104244314034132
0031123020134404224332141
0043023412131144220332401
0012024321141044223130334
0012024323141104221330344
0040224112144334203230131
0034420433221302311240141
0044320334221312301140241
0014020342233112132441043
0013320440230342112241431
0024420403233122114341013
0043320130234422103141124
0044020334231322101141243
0043120344233022113241401
0020322304213112440143341
0030122313210402411443342
0031122344210132414043302
0041422330211312403443201
0021323311220142403441043
0014023133241122030443421
0011223310240342044143213
0033223144240112021043413
0033024043213122341442011
0040324410220112142343313
0030421344314110233201224
0043122021344110332301424
0044122313340210324201143
0042022432344140313301211
0031123443324210402201413
0011224104313320342302144
0013424123314430321102204
0011424332310440341202213
0043424102321440112203313
0044224134321020112303314
0042124113322310140203443
0014220234403043212413311
0024220334401143230413121
0021120301404233224413431
0040220342413233011214431
0011220413423143303210244
0023221412404203443310113
0042021234414303224011331
0024221231434403304113201
0011422024432313041210334
0012422034433113023210414
0031322120433423014110244
0042022134431233011410324
0013022140442343312411032
0014022310441203324211343
0013422430440323310211412
0023122032440413343011421
0020122140442303324311341
0021422312443203341011304
0021422430440313323411201
0032122041443013342311024
0032422120441343302311014
0030422321440243312011341
0031022320441213343011424
0042322021440343312411013
0041022013442303324311214
0041022032443423301211314
0040322342443013310211412
0042122431440203341011323
0043122403441013320211423
0040322413442143302311012
0021123243401303310414422
0032123422404313302014411
0013224204402143033411231
0012024433404223031411321
0013024221410343323112044
0040324211413023344312201
0012324204431133402214103
0014124033443113220210423
0032330224044313412142011
0042331211014303220241344
0042431211014403223341302
0042431334010203221441123
0011432124042203313441023
0012432134042203311441023
0011233104021303432241442
0032233124020113421041443
0030433112024223440141321
0020434114012103322442313
0030234041012213311442432
0012234241043313211440302
0044031434124211013302232
0012231324142021103304434
0012332213104341140302442
0024032044143421331101223
0011233443103241302204214
0010433034132211244202314
0043233420131441221102403
0024234432133031412204011
0032334112130201422404431
0011430231203224210413344
0010330443202114223413124
0024330341201104232213144
0021330423224144340310112
0014430340233124132211042
0014030443233134102211242
0021331223203404424110143
0014431302210334240411232
0044131233210224203011434
0040231412210344243011332
0024231133220434014412103
0032131144224334041012302
0044031141233424321013022
0034332310204424130112214
0020432411223344213014031
0012132340242204303311441
0033132144241234304011022
0033132301241044340211422
0041232210240134303311442
0040133031202234324414211
0012233204213024114310344
0044033431214224113010232
0013233040221434410311242
0013233021224314403411042
0010233141220324404211343
0010233143224034420411213
0014033241220434421311023
0023433031221324420411014
0024033231220414434211301
0024033234221204413011431
0034233013220214404311241
0032433134221204401411023
0032433134223014410211204
0034133230221404424311201
0034133204223024431211401
0041433010223124403211342
0041033013224234431211402
0042433140221034412011323
0041033431221324423011402
0040133423224314410211203
0011033044243214022313412
0012233144241104030213432
0043033210242344011413122
0020134233214044303112241
0041334420211014322312403
0011034423221204143313024
0040334211223024144313201
0011034240233204412214313
0032334120240114221310443
0033234402241204211310143
0033430411321022312420144
0034130443321422311020124
0014230311344332412022104
0020130443341142403122321
0012331441303422404320211
0014231044340302133224112
0014131123340302104424322
0011231304342022103324414
0030431141340102123324422
0041131223340302101424432
0011032041302442143122334
0041432213310112403023442
0040132203311442434123021
0010332044341142313021224
0030432013342402311221441
0030132443341422312021104
0043132203340242301121441
0024433041312322103420114
0044133422314032110120243
0011233440320422413021431
0034433101323022411421204
0024130421433440112231032
0031130201441210424332234
0012432041423310221134403
0010332231421240204434113
0041432124423130220334011
0044032312420110221434133
0023433221424410401131203
0012233421431130241032044
0014334402413110304232212
0012234332442110203130414
0032341043012240213311442
0033041244013210234311422
0022341103042440121314332
0021341122043230103314424
0021341123043240103314422
0034241131040220123214433
0013242231044020341211433
0013142441043340302211232
0021242331044130322011434
0012443132022340414211033
0042344122021430110313324
0043244142023310122113034
0024140330104313221123442
0014240343122113302320441
0042140244122343311320103
0010241403113433204421223
0021141043124403013422332
0031141332120243010422344
0043241401123313034422102
0021041120131403344223243
0020342440104113143322123
0014342303122133204024411
0033442314120113210224304
0023342440132143031220411
0043442402133223031120141
0010442241143403312321302
0034042241144323313021012
0031143402104123301324422
0031143412104223301324402
0014243104123303440221132
0032443301120223410421314
0010343144133023240422112
0042143024133103201122344
0022044314101233032421134
0014044103113243342022123
0010344304114023312422132
0023244034112043301422131
0023044140110343312422132
0024344103112013321422304
0023044243112103341322014
0021244310113203341422304
0020344304114213323122401
0030144023113243342122041
0031044120114213343022324
0031344204112143301022324
0030144342112313324022041
0031244320113423304022141
0042144024110343312322013
0040344213110143302322412
0041344210114303324022312
0040144342113023310322412
0040244312114103342322013
0012044021131433410324223
0021044014133223431124203
0013140232204411243033421
0021440313204301224233411
0044340224201411232133031
0011440410224321334230312
0023340442243121411032013
0043341224203211440130231
0023041124220331013432144
0023041144220331012432134
0031342011210441402433223
0032342201210241440433113
0041342443212231402033011
0043442413212311401033022
0024042113223141201034433
0033042320221431241134401
0020142441232211031330434
0043142440233211034130122
0021143224201041312334403
0022143311204101324034423
0024143312204011323034421
0041143324203021312234401
0042243313210341120230144
0034043024223211441331012
0030243234220121441331104
0013343024231441211032204
0010443034233141221132402
0041143344230131224032102
0041143440231301220332421
0012144033202411042231343
0022144341203011042331324
0032344330201221041131424
0033044010212341311432422
0031144220212401304332341
0033144301211041340232422
0041144220210331301232434
0010244041220321134233143
0013144021224341103233042
0014344213220231124033041
0014044230221241103433132
0013044231224021141033432
0014244340223121132033041
0023244041220301142133431
0024044134221201143033231
0021244313220341104233014
0023144303224041120133421
0032044134221231101433024
0034044230221431124133201
0034144304223201102133124
0034144304224021131233201
0041244034221301143233102
0043144021224101132033423
0040344123224201102133143
0041244213220231101433403
0013144034243321220230411
0043144033242341220130211
0013340322304414211243102
0011341022303314421240432
0031141224301334421040232
0011241303320214044342231
0023441143320304012242131
0030241223320114044342131
0040142122311324410343302
0023343110322124420141304
0031144224301334021041232
0033144212304324011341022
0012144020313304322342411
0032244021311204334142301
0032344101312204330242114
0042244013320214112343031
0013441420433112302403221
0021041132434422331203014
0024041214433422320103113
0021341440433242312203011
0042141334431202301103224
0040141324433022311203421
0034241331440122110204323
0032042334401122143102413
0013443221402412331104203
0020343241401122313304421
0042243323440112021303141
0031344330412422321102014
0031044332413422301202114
the number of Debruijn sequences: 480

Debruijn Sequences generated by the sequence 44444 : 
0031301121022441423343204
0044201231022411403343213
0033402232014311304244121
0034102322011421331244043
0031102423012141334044322
0032302414012211331044342
0011402322041331210342443
0032102014041131223442433
0032202141044011231342433
0023204221014411240343313
0022304421013241203343114
0012204421032411314340233
0042101431124134402303322
0033402410113214312304422
0042202103133234414301124
0023403220142124431104133
0023203422140124411304331
0010204122113144233403243
0023304140112244213103432
0034204022144324113301231
0033204342144024122301311
0033201404223102412113443
0022301214244132043110334
0033102132234012430411442
0041402012234432421311033
0013303114220402343212441
0033404102201132442312143
0013404202241032144311233
0032204310244142123011334
0021401203322410434423113
0043101230334220211324414
0012202113310430342324414
0013202234330310414421124
0041403024331120134423221
0041303424332110144023122
0022404130344310123321142
0032301210402243341131442
0022401434413033104232112
0034401430411213102332242
0043301024412213114032342
0040201423413303124432211
0043301424413403120232211
0022401204423143411033213
0022301404424113431033212
0021201410431133242234403
0033101124430223214134042
0031101214433023224134042
0014302404412213311034232
0032402013421443122330411
0044102233421143124030132
0013202122430423440331411
0013302124432203404231141
0040103322412113023431442
0011204421402313410332243
0023210124042203314113443
0042312144032413433011022
0044212322033143402411013
0041312401030223433211442
0032013424021443304112231
0032313442021143304012241
0042213144020103324112343
0044213414023103320112243
0012313024042203433214411
0012413233043103402114422
0024313301044223411214032
0022410442113431403320123
0042210244113401433120323
0012210204144311332423034
0024410340142211304323312
0022010442143411303323124
0024310422144011334123203
0034410220140421331123243
0032010421144331341223024
0010411402134331220324423
0023211440133431204224103
0040311434130201233224421
0043311422130341232024401
0020412230110331321424434
0044012024134311423221033
0013414433110321204223024
0032014344123311040224213
0033114430120421022324134
0044114322120331013024234
0013310403202144112234243
0012110442203324140234313
0032110142204024131234433
0033110234214324404130122
0020110421234144033132243
0014311041220234424033213
0013211240220434414233103
0010311320221404412433423
0013211431224104423033402
0021411013220424431233034
0023011034221404412433132
0023011041224214403133432
0021311243220104423033414
0020411234221324401433031
0024311204223034410133214
0020411421224034430133231
0034211240220414430133231
0034011320221424431233041
0032011430223104412133424
0041311023224034421433012
0041211310223424401433032
0040211413220124431033423
0043011410223134424033212
0021011342243144033230412
0033211012241434023130442
0031211042244334014130232
0043411310244214032330122
0034112102201324044233143
0031012244202114043233413
0032312044224334110130214
0020412133234014422431103
0034012113230424414331022
0031412102243344201132304
0014113231202104224430334
0021013142232404112033443
0012113143242204402334103
0013314124203404430232211
0041314211202434401032233
0014410212331132040342243
0010411330312232143442024
0034411243310402130142232
0032411404312022133442301
0012211303323402420443141
0014411340323302422043121
0022011040321442413343123
0044011020322142412343313
0012311021334032242044143
0014311242330402210344132
0013411432330312204244021
0013211404331242230344102
0013411430332402212044231
0021411034330132231244042
0021411031332012243044234
0020411231334032242144301
0032411204330102231344214
0030411202331342210144324
0032011304331242234144021
0031011342332402212044143
0030211401332042231244341
0042311034330132202144124
0041211342331032240144302
0043011310334202232144124
0043011412331342210244032
0040211431332012242344103
0020112331322442104140343
0031012413323022114340442
0031012414323302113440422
0014113244303312202340421
0012213143320302340442411
0040113102334122144243203
0023113203342212430144104
0020413310342122401144323
0040113032341202433144221
0043113322340302412144201
0033114401302122432042341
0024014231343322110441203
0043314010342202112441323
0024311013422330441403212
0021011241422320434403133
0022311434420130412103324
0021312334411430320104224
0022112342413010331404432
0024212301413220331104434
0034212314432240413301102
0033112302434410421401322
0033212441430220423101134
0040213422432330144103112
0043314224412130201103234
0013121443022340411033242
0034121143022010423133244
0034321223024420401133141
0021422311013240330434412
0024122321014430311334042
0011423304021220313432441
0013423311024140304432212
0013423314024120304432211
0042123343020110314132244
0041423024031120134433221
0044023122034130142433211
0031224341011420232133044
0013220434102403112144233
0022420112103233141344043
0034320141102233124044213
0033220230112413442140431
0014420221124313233041034
0012021334114323103042244
0044021410113243123342203
0023421224131143201044033
0024221234131433203044011
0043421033130223201244114
0041421103130123220244334
0010321223141133043440242
0024321220144133042340311
0011322423104033021443412
0031322044101233021143424
0041422440103113023343212
0014122023110403321344243
0012022342113103324044143
0013122434110423302144032
0014322404112023310344213
0024322013112303341044214
0023122042113403324144301
0023122134110143303244204
0020422314112103301344324
0030122023110413342144324
0034322013112423304144021
0032422134110143312044023
0034022143112013323044241
0032022140113123304244341
0032122420114313341044023
0042022140113243312344103
0041022342113143303244012
0042322402112013343144103
0042322402114103301344312
0024322044121423110340133
0034322042124413110140233
0023322110130443403141242
0044022030131423433241211
0043322110131203402441423
0044322403133023420141211
0024423112104133220340143
0014023312110443034241322
0014023322110443031241342
0013324112103023431442204
0011324433102303412042214
0012324431102033414042213
0023324412104013431142203
0042024012114133223443031
0040124142110313223443302
0021124434130423310140322
0023324220143403110441213
0023324422140343112041301
0034424012143223133041102
0030224042144323113341201
0041021442203311324301234
0043422440231211413301032
0043022441234211403101332
0042123443220311330102414
0012023132244211410304334
0013423220244121431104033
0013023341242211443104032
0021323442243101403304112
0020323412244011433104213
0034223210244331401204113
0010424123203311434402213
0034224113201231443302104
0021124414220331013404323
0012320440302434113314221
0021320122311424433410304
0032120424311334401410223
0010421220302334324411314
0032421404311344102012233
0044221432310334130112402
0030221123324204431413401
0042021123322414434013031
0014421220341324043110233
0024221201344114043310323
0011022432303144041213342
0014122042331024403211343
0014022124331304423411032
0014022320330424431211341
0012422304331034413211402
0010422402332134414311203
0013122430334104423211402
0021322012330424431411034
0020422134330324401411231
0023422130332404412011431
0020122431332304421411034
0020322421334014430411231
0032022304334124421011314
0030422402332014431211341
0040322014334124421311023
0043422102331324403011412
0043022310332134424011412
0040322421331434412011023
0043122410334214402011323
0013022032344114243312104
0031022013343244230412114
0013323024312204034211441
0024123203314434042211301
0043323441310124030211422
0030123204334244102213114
0013023310343204422114124
0043324201302314403412211
0043324231302114403412201
0032124302314404220113341
0041224403310114230213432
0021324012344304103311422
0030424322344014120211331
0034420411402232133124301
0020321311433412230424401
0044322131402412033423011
0043322112403442013023141
0021122034410132331424043
0031322010434402411421233
0041122013433102442321403
0041422303431102440121332
0033423011404432213120241
0043323112403442213020141
0014223324410402031121343
0033123404410132022421143
0040123114410332022421343
0014424330411312210323402
0030431411012242134402332
0021331201032442234304114
0021332422011412343104403
0011032344041312214202433
0014132334042112244302031
0032430440123410213311422
0010430221142340324413312
0024330112144220323413104
0014331034120230422113244
0010331142123020434413224
0024331014122030442113234
0020331442124010434113223
0041231032133430240114422
0022332040112130344314241
0044332302110120313414224
0021332204124230143110344
0022432334131440421011203
0034232041144010213312243
0044132101140330224312342
0043032422144110201312334
0040334120114430242313221
0044334120114230240313221
0021434231132440330410122
0031330110224043234121442
0014130402244203321123431
0044131101230203221424334
0011332414204403021223431
0034332110201413044223124
0041132124203343010223144
0044332110203413014223124
0021334403220423014124311
0021234413220403011424331
0041334010221443031124232
0042334410221143013124032
0041134321230103314420224
0032334110244043130121422
0044334114240203123221301
0041334320240103114421223
0044134330240103114221232
0042234411240103133021432
0021330344320401242231141
0022030442321011241331434
0022130314334241011232044
0042030211334431012232414
0022131123342441014030432
0021131204342241033230144
0022131242344011041430332
0010232440311221330434142
0012132442330411403431022
0012234240304411433132021
0021334224304011441032312
0031234213302201440432411
0014434102311321224033042
0010434221314411232033024
0032230112431334044142102
0010331224402114323041342
0011231324402204342141033
0012231330403424321441102
0022031104401214334241323
0011331020423214412243034
0020331223421324404143011
0013031121432334202244104
0032331402430104221344112
0040231122433034210144132
0031232014424334113040221
0031332230424344102140112
0034432310422024112140133
0044332113420224123140301
0044332303420124113140221
0021032012433114422341304
0022334030411244210143132
0030134402412204232143311
0041440112022434231321033
0031241342021104433223014
0033241312021104434223014
0031142123024434133220401
0010242332031304411221434
0040142023031134433221241
0021243133032204114423401
0021443133032404110123422
0021243442030104113223314
0033144302013404241123221
0041144312010334213023224
0040244331012114220323413
0012440423103302141134322
0033240143104112130234422
0030440224101332114234312
0013440214112322420430331
0032040224144342301133121
0032240420144312341133021
0042441430102212340331132
0010241233114422134032043
0023141130120342404433221
0031341420121102404433223
0044341322123142402033011
0044341403123022420133211
0020442133114012322434103
0033042214113102324434012
0044142201123102133430324
0041442310120332113430224
0010342144132022404331123
0023442210133032411431204
0033042120144102231132434
0013443114104202212330324
0012143344110242032231304
0041343322112442023031401
0022343144130112104033242
0020143231130422124033441
0032243401130442120233141
0022043323144212413034011
0020344043101142412232133
0014244043113412210233032
0012044143110232242133403
0012044142113102234033243
0023044034112142243133201
0023244030114312204133421
0020344214112432230133104
0023044243113412214033201
0021244320113042231033414
0034144013112432204233021
0034144020113242230433121
0032044123110242213433014
0030144323110412202133424
0030144324112042210233134
0042144034110132202433123
0042344140113202212433103
0042344102114012243133203
0041244342113102203233014
0041244342114032230133102
0024044130121422033234311
0033044022124132011434231
0031144322123302040134241
0022044243132112334030141
0031144102134012332430422
0043340103223130212441142
0012340213244220331143041
0023241312214340110442033
0022041431210330113242344
0031241023214430113342204
0030441143213120102242334
0031142441221330104340232
0032442201234330402141131
0014244113212230203343104
0031144213243340123041022
0031441134302423320401221
0012041022324213443303114
0012142241344043231102033
0041442331340103211202243
0022043242312133034401141
0031143412321013304402242
0033144224304123401102132
0024144210343223113301204
0030244042341133122101432
0042340224413211433010312
0044240233413011431210322
0010340224423321204311413
0032140433422441231011302
0033041023401221324311442
0024341104420121403313223
0030441022423321434013112
0040241034421201433113223
0040341224423211431013302
0023241134430331204014221
0020341104433221242314013
0031443223404211202410133
0023343114420401303212241
0032143022420401344112331
0032343314420401302212411
0033143402421011304412232
0040243323420301314412211
0033144220410211234013243
0042244303414011233213102
0012244023431411304210332
0022344211432041330310124
the number of Debruijn sequences: 480


