For order 6 complexity 38:
number of subsequences with complexity 6 is: 32
total number of sequences of complexity 38 is: 448

Debruijn Sequences generated by the sub sequence 00000101 : 
0000110010101101111001111110110000001001101010001110001011101001
0000110010101101111001111110100100001001101010001110001011101100
0000110010101101111000101110110000001001101010001110011111101001
0000110010101101111000101110100100001001101010001110011111101100
0000110010101000111001111110110000001001101011011110001011101001
0000110010101000111001111110100100001001101011011110001011101100
0000110010101000111000101110110000001001101011011110011111101001
0000110010101000111000101110100100001001101011011110011111101100
0000110010111111001111011010110000001001101110100011100010101001
0000110010111111001111011010100100001001101110100011100010101100
0000110010111111001110001010110000001001101110100011110110101001
0000110010111111001110001010100100001001101110100011110110101100
0000110010111010001111011010110000001001101111110011100010101001
0000110010111010001111011010100100001001101111110011100010101100
0000110010111010001110001010110000001001101111110011110110101001
0000110010111010001110001010100100001001101111110011110110101100
0000111101101111110011101000110000001010011010101100101110001001
0000111101101111110011101000100100001010011010101100101110001100
0000111101101111110010111000110000001010011010101100111010001001
0000111101101111110010111000100100001010011010101100111010001100
0000111101101010110011101000110000001010011011111100101110001001
0000111101101010110011101000100100001010011011111100101110001100
0000111101101010110010111000110000001010011011111100111010001001
0000111101101010110010111000100100001010011011111100111010001100
0000111010011111101101111000110000001011100110101011001010001001
0000111010011111101101111000100100001011100110101011001010001100
0000111010011111101100101000110000001011100110101011011110001001
0000111010011111101100101000100100001011100110101011011110001100
0000111010011010101101111000110000001011100111111011001010001001
0000111010011010101101111000100100001011100111111011001010001100
0000111010011010101100101000110000001011100111111011011110001001
0000111010011010101100101000100100001011100111111011011110001100
0001010111011111100101100011110100010000110110101001001100111000
0001010111011111100101100011100000010000110110101001001100111101
0001010111011111100100110011110100010000110110101001011000111000
0001010111011111100100110011100000010000110110101001011000111101
0001010111011010100101100011110100010000110111111001001100111000
0001010111011010100101100011100000010000110111111001001100111101
0001010111011010100100110011110100010000110111111001011000111000
0001010111011010100100110011100000010000110111111001011000111101
0001011100011111101101111001110100010010000110101011001010011000
0001011100011111101101111001100000010010000110101011001010011101
0001011100011111101100101001110100010010000110101011011110011000
0001011100011111101100101001100000010010000110101011011110011101
0001011100011010101101111001110100010010000111111011001010011000
0001011100011010101101111001100000010010000111111011001010011101
0001011100011010101100101001110100010010000111111011011110011000
0001011100011010101100101001100000010010000111111011011110011101
0001011100110111101101010011111100010010001100101011000000111010
0001011100110111101101010011101000010010001100101011000000111111
0001011100110111101100000011111100010010001100101011010100111010
0001011100110111101100000011101000010010001100101011010100111111
0001011100110010101101010011111100010010001101111011000000111010
0001011100110010101101010011101000010010001101111011000000111111
0001011100110010101100000011111100010010001101111011010100111010
0001011100110010101100000011101000010010001101111011010100111111
0001011100111111011001010110111100010010001110100110000001101010
0001011100111111011001010110101000010010001110100110000001101111
0001011100111111011000000110111100010010001110100110010101101010
0001011100111111011000000110101000010010001110100110010101101111
0001011100111010011001010110111100010010001111110110000001101010
0001011100111010011001010110101000010010001111110110000001101111
0001011100111010011000000110111100010010001111110110010101101010
0001011100111010011000000110101000010010001111110110010101101111
0001011110011101000111111011011100010010100110000001101010110010
0001011110011101000111111011001000010010100110000001101010110111
0001011110011101000110101011011100010010100110000001111110110010
0001011110011101000110101011001000010010100110000001111110110111
0001011110011111101101110001110100010010100110101011001000011000
0001011110011111101101110001100000010010100110101011001000011101
0001011110011111101100100001110100010010100110101011011100011000
0001011110011111101100100001100000010010100110101011011100011101
0001011110011000000111111011011100010010100111010001101010110010
0001011110011000000111111011001000010010100111010001101010110111
0001011110011000000110101011011100010010100111010001111110110010
0001011110011000000110101011001000010010100111010001111110110111
0001011110011010101101110001110100010010100111111011001000011000
0001011110011010101101110001100000010010100111111011001000011101
0001011110011010101100100001110100010010100111111011011100011000
0001011110011010101100100001100000010010100111111011011100011101
0001011110110101001101110011111100010010101100000011001000111010
0001011110110101001101110011101000010010101100000011001000111111
0001011110110101001100100011111100010010101100000011011100111010
0001011110110101001100100011101000010010101100000011011100111111
0001011110110101001111110011011100010010101100000011101000110010
0001011110110101001111110011001000010010101100000011101000110111
0001011110110101001110100011011100010010101100000011111100110010
0001011110110101001110100011001000010010101100000011111100110111
0001011110110111000111111001110100010010101100100001101010011000
0001011110110111000111111001100000010010101100100001101010011101
0001011110110111000110101001110100010010101100100001111110011000
0001011110110111000110101001100000010010101100100001111110011101
0001011110110111001101010011111100010010101100100011000000111010
0001011110110111001101010011101000010010101100100011000000111111
0001011110110111001100000011111100010010101100100011010100111010
0001011110110111001100000011101000010010101100100011010100111111
0001011110110000001101110011111100010010101101010011001000111010
0001011110110000001101110011101000010010101101010011001000111111
0001011110110000001100100011111100010010101101010011011100111010
0001011110110000001100100011101000010010101101010011011100111111
0001011110110000001111110011011100010010101101010011101000110010
0001011110110000001111110011001000010010101101010011101000110111
0001011110110000001110100011011100010010101101010011111100110010
0001011110110000001110100011001000010010101101010011111100110111
0001011110110010000111111001110100010010101101110001101010011000
0001011110110010000111111001100000010010101101110001101010011101
0001011110110010000110101001110100010010101101110001111110011000
0001011110110010000110101001100000010010101101110001111110011101
0001011110110010001101010011111100010010101101110011000000111010
0001011110110010001101010011101000010010101101110011000000111111
0001011110110010001100000011111100010010101101110011010100111010
0001011110110010001100000011101000010010101101110011010100111111
0001011001111110010101110001110100010011011110110101001000011000
0001011001111110010101110001100000010011011110110101001000011101
0001011001111110010100100001110100010011011110110101011100011000
0001011001111110010100100001100000010011011110110101011100011101
0001011001111011010101110001110100010011011111100101001000011000
0001011001111011010101110001100000010011011111100101001000011101
0001011001111011010100100001110100010011011111100101011100011000
0001011001111011010100100001100000010011011111100101011100011101
0001011011110110010101110001110100010011111100110101001000011000
0001011011110110010101110001100000010011111100110101001000011101
0001011011110110010100100001110100010011111100110101011100011000
0001011011110110010100100001100000010011111100110101011100011101
0001011011110011010101110001110100010011111101100101001000011000
0001011011110011010101110001100000010011111101100101001000011101
0001011011110011010100100001110100010011111101100101011100011000
0001011011110011010100100001100000010011111101100101011100011101
0001110110011111100101011011110100011000100110101001000010111000
0001110110011111100101011011100000011000100110101001000010111101
0001110110011111100100001011110100011000100110101001010110111000
0001110110011111100100001011100000011000100110101001010110111101
0001110110011010100101011011110100011000100111111001000010111000
0001110110011010100101011011100000011000100111111001000010111101
0001110110011010100100001011110100011000100111111001010110111000
0001110110011010100100001011100000011000100111111001010110111101
0001110110111101010011111100110100011000101110000100101011001000
0001110110111101010011111100100000011000101110000100101011001101
0001110110111101010010101100110100011000101110000100111111001000
0001110110111101010010101100100000011000101110000100111111001101
0001110110111000010011111100110100011000101111010100101011001000
0001110110111000010011111100100000011000101111010100101011001101
0001110110111000010010101100110100011000101111010100111111001000
0001110110111000010010101100100000011000101111010100111111001101
0001110010110101001001111011111100011001101100000010001010111010
0001110010110101001001111011101000011001101100000010001010111111
0001110010110101001000101011111100011001101100000010011110111010
0001110010110101001000101011101000011001101100000010011110111111
0001110010110000001001111011111100011001101101010010001010111010
0001110010110000001001111011101000011001101101010010001010111111
0001110010110000001000101011111100011001101101010010011110111010
0001110010110000001000101011101000011001101101010010011110111111
0001111110010101100111011011110100011010100100001001100010111000
0001111110010101100111011011100000011010100100001001100010111101
0001111110010101100110001011110100011010100100001001110110111000
0001111110010101100110001011100000011010100100001001110110111101
0001111110010101101111011001110100011010100100001011100010011000
0001111110010101101111011001100000011010100100001011100010011101
0001111110010101101110001001110100011010100100001011110110011000
0001111110010101101110001001100000011010100100001011110110011101
0001111110010000100111011011110100011010100101011001100010111000
0001111110010000100111011011100000011010100101011001100010111101
0001111110010000100110001011110100011010100101011001110110111000
0001111110010000100110001011100000011010100101011001110110111101
0001111110010000101111011001110100011010100101011011100010011000
0001111110010000101111011001100000011010100101011011100010011101
0001111110010000101110001001110100011010100101011011110110011000
0001111110010000101110001001100000011010100101011011110110011101
0001111110011101100101011011110100011010100110001001000010111000
0001111110011101100101011011100000011010100110001001000010111101
0001111110011101100100001011110100011010100110001001010110111000
0001111110011101100100001011100000011010100110001001010110111101
0001111110011000100101011011110100011010100111011001000010111000
0001111110011000100101011011100000011010100111011001000010111101
0001111110011000100100001011110100011010100111011001010110111000
0001111110011000100100001011100000011010100111011001010110111101
0010010101101100110001111110111100100000011010011100001011101010
0010010101101100110001111110101000100000011010011100001011101111
0010010101101100110000101110111100100000011010011100011111101010
0010010101101100110000101110101000100000011010011100011111101111
0010010101101001110001111110111100100000011011001100001011101010
0010010101101001110001111110101000100000011011001100001011101111
0010010101101001110000101110111100100000011011001100011111101010
0010010101101001110000101110101000100000011011001100011111101111
0011010100111101100101011011111100110000001110001001000010111010
0011010100111101100101011011101000110000001110001001000010111111
0011010100111101100100001011111100110000001110001001010110111010
0011010100111101100100001011101000110000001110001001010110111111
0011010100111000100101011011111100110000001111011001000010111010
0011010100111000100101011011101000110000001111011001000010111111
0011010100111000100100001011111100110000001111011001010110111010
0011010100111000100100001011101000110000001111011001010110111111
0011010110010101001111011011111100110000100100000011100010111010
0011010110010101001111011011101000110000100100000011100010111111
0011010110010101001110001011111100110000100100000011110110111010
0011010110010101001110001011101000110000100100000011110110111111
0011010110010000001111011011111100110000100101010011100010111010
0011010110010000001111011011101000110000100101010011100010111111
0011010110010000001110001011111100110000100101010011110110111010
0011010110010000001110001011101000110000100101010011110110111111
0011010110111101100101010011111100110000101110001001000000111010
0011010110111101100101010011101000110000101110001001000000111111
0011010110111101100100000011111100110000101110001001010100111010
0011010110111101100100000011101000110000101110001001010100111111
0011010110111111001111011001010100110000101110100011100010010000
0011010110111111001111011001000000110000101110100011100010010101
0011010110111111001110001001010100110000101110100011110110010000
0011010110111111001110001001000000110000101110100011110110010101
0011010110111000100101010011111100110000101111011001000000111010
0011010110111000100101010011101000110000101111011001000000111111
0011010110111000100100000011111100110000101111011001010100111010
0011010110111000100100000011101000110000101111011001010100111111
0011010110111010001111011001010100110000101111110011100010010000
0011010110111010001111011001000000110000101111110011100010010101
0011010110111010001110001001010100110000101111110011110110010000
0011010110111010001110001001000000110000101111110011110110010101
0011010001110110111101011001010100110001011100111111000010010000
0011010001110110111101011001000000110001011100111111000010010101
0011010001110110111100001001010100110001011100111111010110010000
0011010001110110111100001001000000110001011100111111010110010101
0011010001110011111101011001010100110001011101101111000010010000
0011010001110011111101011001000000110001011101101111000010010101
0011010001110011111100001001010100110001011101101111010110010000
0011010001110011111100001001000000110001011101101111010110010101
0011010001111110011101011001010100110001011110110111000010010000
0011010001111110011101011001000000110001011110110111000010010101
0011010001111110011100001001010100110001011110110111010110010000
0011010001111110011100001001000000110001011110110111010110010101
0011010001111011011101011001010100110001011111100111000010010000
0011010001111011011101011001000000110001011111100111000010010101
0011010001111011011100001001010100110001011111100111010110010000
0011010001111011011100001001000000110001011111100111010110010101
0011011111100111010001111011010100110010111000100100001010110000
0011011111100111010001111011000000110010111000100100001010110101
0011011111100111010000101011010100110010111000100100011110110000
0011011111100111010000101011000000110010111000100100011110110101
0011011111100010010001111011010100110010111001110100001010110000
0011011111100010010001111011000000110010111001110100001010110101
0011011111100010010000101011010100110010111001110100011110110000
0011011111100010010000101011000000110010111001110100011110110101
0011110110101100100001001011111100111000101010011000000110111010
0011110110101100100001001011101000111000101010011000000110111111
0011110110101100100000011011111100111000101010011000010010111010
0011110110101100100000011011101000111000101010011000010010111111
0011110110101001100001001011111100111000101011001000000110111010
0011110110101001100001001011101000111000101011001000000110111111
0011110110101001100000011011111100111000101011001000010010111010
0011110110101001100000011011101000111000101011001000010010111111
0100010111000111010101100111111001000000110000100101001101111011
0100010111000111010101100111101101000000110000100101001101111110
0100010111000111010101101111011001000000110000100101001111110011
0100010111000111010101101111001101000000110000100101001111110110
0100010111000111010100110111111001000000110000100101011001111011
0100010111000111010100110111101101000000110000100101011001111110
0100010111000111010100111111011001000000110000100101011011110011
0100010111000111010100111111001101000000110000100101011011110110
0100010111000111011011111100111101000000110000100110101011001010
0100010111000111011011111100101001000000110000100110101011001111
0100010111000111011010101100111101000000110000100110111111001010
0100010111000111011010101100101001000000110000100110111111001111
0100010111000010010101100111111001000000110001110101001101111011
0100010111000010010101100111101101000000110001110101001101111110
0100010111000010010101101111011001000000110001110101001111110011
0100010111000010010101101111001101000000110001110101001111110110
0100010111000010010100110111111001000000110001110101011001111011
0100010111000010010100110111101101000000110001110101011001111110
0100010111000010010100111111011001000000110001110101011011110011
0100010111000010010100111111001101000000110001110101011011110110
0100010111000010011011111100111101000000110001110110101011001010
0100010111000010011011111100101001000000110001110110101011001111
0100010111000010011010101100111101000000110001110110111111001010
0100010111000010011010101100101001000000110001110110111111001111
0100010111001111011011111100011101000000110010100110101011000010
0100010111001111011011111100001001000000110010100110101011000111
0100010111001111011010101100011101000000110010100110111111000010
0100010111001111011010101100001001000000110010100110111111000111
0100010111001111110001110110111101000000110010101100001001101010
0100010111001111110001110110101001000000110010101100001001101111
0100010111001111110000100110111101000000110010101100011101101010
0100010111001111110000100110101001000000110010101100011101101111
0100010111001010011011111100011101000000110011110110101011000010
0100010111001010011011111100001001000000110011110110101011000111
0100010111001010011010101100011101000000110011110110111111000010
0100010111001010011010101100001001000000110011110110111111000111
0100010111001010110001110110111101000000110011111100001001101010
0100010111001010110001110110101001000000110011111100001001101111
0100010111001010110000100110111101000000110011111100011101101010
0100010111001010110000100110101001000000110011111100011101101111
0100010111100110010011111101110101000000111000110100101011011000
0100010111100110010011111101100001000000111000110100101011011101
0100010111100110010010101101110101000000111000110100111111011000
0100010111100110010010101101100001000000111000110100111111011101
0100010111100011010011111101110101000000111001100100101011011000
0100010111100011010011111101100001000000111001100100101011011101
0100010111100011010010101101110101000000111001100100111111011000
0100010111100011010010101101100001000000111001100100111111011101
0100011101100111111001010110111101000010011000101110000001101010
0100011101100111111001010110101001000010011000101110000001101111
0100011101100111111000000110111101000010011000101110010101101010
0100011101100111111000000110101001000010011000101110010101101111
0100011101100010111001010110111101000010011001111110000001101010
0100011101100010111001010110101001000010011001111110000001101111
0100011101100010111000000110111101000010011001111110010101101010
0100011101100010111000000110101001000010011001111110010101101111
0100011101101111110001011100111101000010011010101100000011001010
0100011101101111110001011100101001000010011010101100000011001111
0100011101101111110000001100111101000010011010101100010111001010
0100011101101111110000001100101001000010011010101100010111001111
0100011101101010110001011100111101000010011011111100000011001010
0100011101101010110001011100101001000010011011111100000011001111
0100011101101010110000001100111101000010011011111100010111001010
0100011101101010110000001100101001000010011011111100010111001111
0100011111100101011001110110111101000010111000000110001001101010
0100011111100101011001110110101001000010111000000110001001101111
0100011111100101011000100110111101000010111000000110011101101010
0100011111100101011000100110101001000010111000000110011101101111
0100011111100101011011110110011101000010111000000110101001100010
0100011111100101011011110110001001000010111000000110101001100111
0100011111100101011010100110011101000010111000000110111101100010
0100011111100101011010100110001001000010111000000110111101100111
0100011111100111011001010110111101000010111000100110000001101010
0100011111100111011001010110101001000010111000100110000001101111
0100011111100111011000000110111101000010111000100110010101101010
0100011111100111011000000110101001000010111000100110010101101111
0100011111100000011001110110111101000010111001010110001001101010
0100011111100000011001110110101001000010111001010110001001101111
0100011111100000011000100110111101000010111001010110011101101010
0100011111100000011000100110101001000010111001010110011101101111
0100011111100000011011110110011101000010111001010110101001100010
0100011111100000011011110110001001000010111001010110101001100111
0100011111100000011010100110011101000010111001010110111101100010
0100011111100000011010100110001001000010111001010110111101100111
0100011111100010011001010110111101000010111001110110000001101010
0100011111100010011001010110101001000010111001110110000001101111
0100011111100010011000000110111101000010111001110110010101101010
0100011111100010011000000110101001000010111001110110010101101111
0100110101100111111011011110010101001000011000101110100011100000
0100110101100111111011011110000001001000011000101110100011100101
0100110101100111111010001110010101001000011000101110110111100000
0100110101100111111010001110000001001000011000101110110111100101
0100110101100010111011011110010101001000011001111110100011100000
0100110101100010111011011110000001001000011001111110100011100101
0100110101100010111010001110010101001000011001111110110111100000
0100110101100010111010001110000001001000011001111110110111100101
0100110101110110111101000110010101001000011100111111000101100000
0100110101110110111101000110000001001000011100111111000101100101
0100110101110110111100010110010101001000011100111111010001100000
0100110101110110111100010110000001001000011100111111010001100101
0100110101110011111101000110010101001000011101101111000101100000
0100110101110011111101000110000001001000011101101111000101100101
0100110101110011111100010110010101001000011101101111010001100000
0100110101110011111100010110000001001000011101101111010001100101
0100110101111110011101000110010101001000011110110111000101100000
0100110101111110011101000110000001001000011110110111000101100101
0100110101111110011100010110010101001000011110110111010001100000
0100110101111110011100010110000001001000011110110111010001100101
0100110101111011011101000110010101001000011111100111000101100000
0100110101111011011101000110000001001000011111100111000101100101
0100110101111011011100010110010101001000011111100111010001100000
0100110101111011011100010110000001001000011111100111010001100101
0100110111001111110001011110110101001000110010101100000011101000
0100110111001111110001011110100001001000110010101100000011101101
0100110111001111110000001110110101001000110010101100010111101000
0100110111001111110000001110100001001000110010101100010111101101
0100110111001010110001011110110101001000110011111100000011101000
0100110111001010110001011110100001001000110011111100000011101101
0100110111001010110000001110110101001000110011111100010111101000
0100110111001010110000001110100001001000110011111100010111101101
0100110111100101011001111110110101001000111000000110001011101000
0100110111100101011001111110100001001000111000000110001011101101
0100110111100101011000101110110101001000111000000110011111101000
0100110111100101011000101110100001001000111000000110011111101101
0100110111100111111011010110010101001000111000101110100001100000
0100110111100111111011010110000001001000111000101110100001100101
0100110111100111111010000110010101001000111000101110110101100000
0100110111100111111010000110000001001000111000101110110101100101
0100110111100000011001111110110101001000111001010110001011101000
0100110111100000011001111110100001001000111001010110001011101101
0100110111100000011000101110110101001000111001010110011111101000
0100110111100000011000101110100001001000111001010110011111101101
0100110111100010111011010110010101001000111001111110100001100000
0100110111100010111011010110000001001000111001111110100001100101
0100110111100010111010000110010101001000111001111110110101100000
0100110111100010111010000110000001001000111001111110110101100101
0100110111101101011001111110010101001000111010000110001011100000
0100110111101101011001111110000001001000111010000110001011100101
0100110111101101011000101110010101001000111010000110011111100000
0100110111101101011000101110000001001000111010000110011111100101
0100110111101000011001111110010101001000111011010110001011100000
0100110111101000011001111110000001001000111011010110001011100101
0100110111101000011000101110010101001000111011010110011111100000
0100110111101000011000101110000001001000111011010110011111100101
0100111111000101110011011110110101001010110000001100100011101000
0100111111000101110011011110100001001010110000001100100011101101
0100111111000101110010001110110101001010110000001100110111101000
0100111111000101110010001110100001001010110000001100110111101101
0100111111000101111011011100110101001010110000001110100011001000
0100111111000101111011011100100001001010110000001110100011001101
0100111111000101111010001100110101001010110000001110110111001000
0100111111000101111010001100100001001010110000001110110111001101
0100111111000000110011011110110101001010110001011100100011101000
0100111111000000110011011110100001001010110001011100100011101101
0100111111000000110010001110110101001010110001011100110111101000
0100111111000000110010001110100001001010110001011100110111101101
0100111111000000111011011100110101001010110001011110100011001000
0100111111000000111011011100100001001010110001011110100011001101
0100111111000000111010001100110101001010110001011110110111001000
0100111111000000111010001100100001001010110001011110110111001101
0100111111001101110001011110110101001010110010001100000011101000
0100111111001101110001011110100001001010110010001100000011101101
0100111111001101110000001110110101001010110010001100010111101000
0100111111001101110000001110100001001010110010001100010111101101
0100111111001000110001011110110101001010110011011100000011101000
0100111111001000110001011110100001001010110011011100000011101101
0100111111001000110000001110110101001010110011011100010111101000
0100111111001000110000001110100001001010110011011100010111101101
0110111111001110100001001000111101101010110010111000000110001010
0110111111001110100001001000101001101010110010111000000110001111
0110111111001110100000011000111101101010110010111000010010001010
0110111111001110100000011000101001101010110010111000010010001111
0110111111001011100001001000111101101010110011101000000110001010
0110111111001011100001001000101001101010110011101000000110001111
0110111111001011100000011000111101101010110011101000010010001010
0110111111001011100000011000101001101010110011101000010010001111
1000010010001110100111111011011110000001100010111001101010110010
1000010010001110100111111011001010000001100010111001101010110111
1000010010001110100110101011011110000001100010111001111110110010
1000010010001110100110101011001010000001100010111001111110110111
1000010010001011100111111011011110000001100011101001101010110010
1000010010001011100111111011001010000001100011101001101010110111
1000010010001011100110101011011110000001100011101001111110110010
1000010010001011100110101011001010000001100011101001111110110111
1000010010101101111001111110110010000001101010001110001011101001
1000010010101101111001111110100110000001101010001110001011101100
1000010010101101111000101110110010000001101010001110011111101001
1000010010101101111000101110100110000001101010001110011111101100
1000010010101000111001111110110010000001101011011110001011101001
1000010010101000111001111110100110000001101011011110001011101100
1000010010101000111000101110110010000001101011011110011111101001
1000010010101000111000101110100110000001101011011110011111101100
1001010111101101110001011001111110010000111010001100000010011010
1001010111101101110001011001101010010000111010001100000010011111
1001010111101101110000001001111110010000111010001100010110011010
1001010111101101110000001001101010010000111010001100010110011111
1001010111101000110001011001111110010000111011011100000010011010
1001010111101000110001011001101010010000111011011100000010011111
1001010111101000110000001001111110010000111011011100010110011010
1001010111101000110000001001101010010000111011011100010110011111
the number of Debruijn sequences: 448

Debruijn Sequences generated by the sub sequence 00011011 : 
the number of Debruijn sequences: 0

Debruijn Sequences generated by the sub sequence 00100111 : 
the number of Debruijn sequences: 0

Debruijn Sequences generated by the sub sequence 01011111 : 
the number of Debruijn sequences: 0

