Summary of sequences of small complexity=4 which DO NOT yield debruijn sequences:
Total number of sequences in this file: 500
00014
00023
00032
00041
00104
00113
00122
00140
00203
00221
00230
00244
00302
00311
00320
00334
00401
00410
00433
00442
01004
01013
01031
01040
01112
01121
01130
01144
01202
01211
01220
01243
01301
01324
01333
01342
01400
01414
01423
01432
02003
02012
02021
02030
02102
02111
02134
02143
02210
02224
02233
02242
02300
02314
02323
02341
02404
02422
02431
02440
03002
03020
03034
03043
03101
03110
03124
03133
03200
03214
03232
03241
03313
03322
03331
03340
03403
03412
03421
03444
04001
04010
04024
04042
04100
04123
04132
04141
04204
04213
04222
04231
04303
04312
04330
04344
04411
04420
04434
04443
10004
10022
10031
10040
10103
10112
10121
10130
10202
10211
10234
10243
10310
10324
10333
10342
10400
10414
10423
10441
11003
11012
11021
11044
11102
11120
11134
11143
11201
11210
11224
11233
11300
11314
11332
11341
11413
11422
11431
11440
12011
12020
12034
12043
12101
12110
12124
12142
12200
12223
12232
12241
12304
12313
12322
12331
12403
12412
12430
12444
13001
13010
13033
13042
13114
13123
13132
13141
13204
13213
13222
13240
13303
13321
13330
13344
13402
13411
13420
13434
14000
14014
14023
14032
14104
14113
14131
14140
14212
14221
14230
14244
14302
14311
14320
14343
14401
14424
14433
14442
20003
20012
20030
20044
20111
20120
20134
20143
20201
20210
20224
20242
20300
20323
20332
20341
20404
20413
20422
20431
21002
21011
21020
21034
21101
21110
21133
21142
21214
21223
21232
21241
21304
21313
21322
21340
21403
21421
21430
21444
22001
22024
22033
22042
22100
22114
22123
22132
22204
22213
22231
22240
22312
22321
22330
22344
22402
22411
22420
22443
23000
23014
23023
23041
23104
23122
23131
23140
23203
23212
23221
23230
23302
23311
23334
23343
23410
23424
23433
23442
24013
24022
24031
24040
24103
24112
24121
24144
24202
24220
24234
24243
24301
24310
24324
24333
24400
24414
24432
24441
30002
30011
30020
30043
30101
30124
30133
30142
30200
30214
30223
30232
30304
30313
30331
30340
30412
30421
30430
30444
31010
31024
31033
31042
31100
31114
31123
31141
31204
31222
31231
31240
31303
31312
31321
31330
31402
31411
31434
31443
32000
32014
32032
32041
32113
32122
32131
32140
32203
32212
32221
32244
32302
32320
32334
32343
32401
32410
32424
32433
33004
33013
33022
33031
33103
33112
33130
33144
33211
33220
33234
33243
33301
33310
33324
33342
33400
33423
33432
33441
34003
34021
34030
34044
34102
34111
34120
34134
34201
34210
34233
34242
34314
34323
34332
34341
34404
34413
34422
34440
40001
40010
40024
40033
40100
40114
40132
40141
40213
40222
40231
40240
40303
40312
40321
40344
40402
40420
40434
40443
41000
41023
41032
41041
41104
41113
41122
41131
41203
41212
41230
41244
41311
41320
41334
41343
41401
41410
41424
41442
42004
42013
42022
42040
42103
42121
42130
42144
42202
42211
42220
42234
42301
42310
42333
42342
42414
42423
42432
42441
43012
43021
43030
43044
43102
43111
43120
43143
43201
43224
43233
43242
43300
43314
43323
43332
43404
43413
43431
43440
44002
44011
44034
44043
44110
44124
44133
44142
44200
44214
44223
44241
44304
44322
44331
44340
44403
44412
44421
44430
