Summary of sequences of small complexity=19 which yield debruijn sequences:
Total number of sequences in this file: 2717
10100010000010000011101110010001
01010010000010000011010001101110
10110010000010000010101110010001
00010010000010000010000100111011
01000010000010000010010001101110
00001010000010000011100100111011
01001010000010000010110001101110
00011010000010000010100100111011
01011010000010000011110001101110
11111010000010000011011011000100
11101010000010000010011011000100
00010110000010000010010100111011
11110110000010000011101011000100
00001110000010000011110100111011
10110110000010000010111110010001
01001110000010000010100001101110
11101110000010000010001011000100
00011110000010000010110100111011
10101110000010000011011110010001
01011110000010000011100001101110
00010001000010000010001000111011
10110001000010000010100010010001
01010001000010000011011101101110
11110001000010000011110111000100
11100001000010000010110111000100
00001001000010000011101000111011
01001001000010000010111101101110
10101001000010000011000010010001
00011001000010000010101000111011
01011001000010000011111101101110
11111001000010000011010111000100
00000101000010000011011000111011
01000101000010000010001101101110
10100101000010000011110010010001
10110101000010000010110010010001
00001101000010000011111000111011
00010101000010000010011000111011
11100101000010000010100111000100
01001101000010000010101101101110
11110101000010000011100111000100
00011101000010000010111000111011
11101101000010000010000111000100
01011101000010000011101101101110
11111101000010000011000111000100
10111101000010000010010010010001
01000011000010000010010101101110
00001011000010000011100000111011
01001011000010000010110101101110
11101011000010000010011111000100
00011011000010000010100000111011
11111011000010000011011111000100
10111011000010000010001010010001
01000111000010000010000101101110
10100111000010000011111010010001
00010111000010000010010000111011
00001111000010000011110000111011
11110111000010000011101111000100
01001111000010000010100101101110
10101111000010000011011010010001
01011111000010000011100101101110
00010000100010000010001110111011
10110000100010000010100100010001
01001000100010000010111011101110
10101000100010000011000100010001
00011000100010000010101110111011
01011000100010000011111011101110
11101000100010000010010001000100
11111000100010000011010001000100
00000100100010000011011110111011
10111000100010000010000100010001
01000100100010000010001011101110
10100100100010000011110100010001
11100100100010000010100001000100
01010100100010000011001011101110
11110100100010000011100001000100
01001100100010000010101011101110
00011100100010000010111110111011
10101100100010000011010100010001
01000010100010000010010011101110
01010010100010000011010011101110
00010010100010000010000110111011
10110010100010000010101100010001
00011010100010000010100110111011
01011010100010000011110011101110
10111010100010000010001100010001
11111010100010000011011001000100
00000110100010000011010110111011
10100110100010000011111100010001
11100110100010000010101001000100
00010110100010000010010110111011
00001110100010000011110110111011
10101110100010000011011100010001
01001110100010000010100011101110
11101110100010000010001001000100
00011110100010000010110110111011
01011110100010000011100011101110
10111110100010000010011100010001
11110001100010000011110101000100
01010001100010000011011111101110
00010001100010000010001010111011
01001001100010000010111111101110
11101001100010000010010101000100
00000101100010000011011010111011
00011001100010000010101010111011
01000101100010000010001111101110
10100101100010000011110000010001
00010101100010000010011010111011
10110101100010000010110000010001
11110101100010000011100101000100
00001101100010000011111010111011
01010101100010000011001111101110
01001101100010000010101111101110
10101101100010000011010000010001
00011101100010000010111010111011
11101101100010000010000101000100
01011101100010000011101111101110
10100011100010000011101000010001
01010011100010000011010111101110
11100011100010000010111101000100
00001011100010000011100010111011
11110011100010000011111101000100
01001011100010000010110111101110
10101011100010000011001000010001
11101011100010000010011101000100
10111011100010000010001000010001
00000111100010000011010010111011
11111011100010000011011101000100
10100111100010000011111000010001
11100111100010000010101101000100
00010111100010000010010010111011
01010111100010000011000111101110
10110111100010000010111000010001
00001111100010000011110010111011
10101111100010000011011000010001
01001111100010000010100111101110
00011111100010000010110010111011
11101111100010000010001101000100
11111111100010000011001101000100
10110000010010000010100111010001
01010000010010000011011000101110
01001000010010000010111000101110
00011000010010000010101101111011
00000100010010000011011101111011
01011000010010000011111000101110
01000100010010000010001000101110
10111000010010000010000111010001
11100100010010000010100010000100
10110100010010000010110111010001
01010100010010000011001000101110
00011100010010000010111101111011
01001100010010000010101000101110
10111100010010000010010111010001
10100010010010000011101111010001
11100010010010000010111010000100
01010010010010000011010000101110
00010010010010000010000101111011
01001010010010000010110000101110
11110010010010000011111010000100
00001010010010000011100101111011
10101010010010000011001111010001
00011010010010000010100101111011
10110010010010000010101111010001
10111010010010000010001111010001
00000110010010000011010101111011
11111010010010000011011010000100
01011010010010000011110000101110
11100110010010000010101010000100
00010110010010000010010101111011
11110110010010000011101010000100
00011110010010000010110101111011
11101110010010000010001010000100
01011110010010000011100000101110
11111110010010000011001010000100
10111110010010000010011111010001
10100001010010000011100011010001
10110001010010000010100011010001
01010001010010000011011100101110
11100001010010000010110110000100
11110001010010000011110110000100
10101001010010000011000011010001
01011001010010000011111100101110
00000101010010000011011001111011
11111001010010000011010110000100
10100101010010000011110011010001
01000101010010000010001100101110
11100101010010000010100110000100
00001101010010000011111001111011
01010101010010000011001100101110
01001101010010000010101100101110
00011101010010000010111001111011
11101101010010000010000110000100
10111101010010000010010011010001
11111101010010000011000110000100
01010011010010000011010100101110
00001011010010000011100001111011
11100011010010000010111110000100
01001011010010000010110100101110
00000111010010000011010001111011
10111011010010000010001011010001
01011011010010000011110100101110
10100111010010000011111011010001
00010111010010000010010001111011
10110111010010000010111011010001
01001111010010000010100100101110
00001111010010000011110001111011
11110111010010000011101110000100
10101111010010000011011011010001
00011111010010000010110001111011
01011111010010000011100100101110
01010000110010000011011010101110
01001000110010000010111010101110
10110000110010000010100101010001
10101000110010000011000101010001
10100000110010000011100101010001
00000100110010000011011111111011
10111000110010000010000101010001
00010100110010000010011111111011
01010100110010000011001010101110
10110100110010000010110101010001
10100010110010000011101101010001
01010010110010000011010010101110
00001010110010000011100111111011
10101010110010000011001101010001
01011010110010000011110010101110
10111010110010000010001101010001
10110110110010000010111101010001
00001110110010000011110111111011
01001110110010000010100010101110
00011110110010000010110111111011
01011110110010000011100010101110
00010001110010000010001011111011
11100001110010000010110100000100
10100001110010000011100001010001
01001001110010000010111110101110
00011001110010000010101011111011
00000101110010000011011011111011
01000101110010000010001110101110
01010101110010000011001110101110
10101101110010000011010001010001
01001101110010000010101110101110
01010011110010000011010110101110
10110011110010000010101001010001
01001011110010000010110110101110
00011011110010000010100011111011
11111011110010000011011100000100
01000111110010000010000110101110
00010111110010000010010011111011
01010111110010000011000110101110
10110111110010000010111001010001
11110111110010000011101100000100
01011111110010000011100110101110
10111111110010000010011001010001
01011000001010000011111001001110
10111000001010000010000110110001
00000100001010000011011100011011
11111000001010000011010011100100
01000100001010000010001001001110
10110100001010000010110110110001
01001100001010000010101001001110
00011100001010000010111100011011
10101100001010000011010110110001
11111100001010000011000011100100
01011100001010000011101001001110
01000010001010000010010001001110
11100010001010000010111011100100
00010010001010000010000100011011
10110010001010000010101110110001
11110010001010000011111011100100
00001010001010000011100100011011
10101010001010000011001110110001
01010010001010000011010001001110
00011010001010000010100100011011
11101010001010000010011011100100
11111010001010000011011011100100
11100110001010000010101011100100
00010110001010000010010100011011
10100110001010000011111110110001
10110110001010000010111110110001
00001110001010000011110100011011
00011110001010000010110100011011
11101110001010000010001011100100
01011110001010000011100001001110
10101110001010000011011110110001
10111110001010000010011110110001
00010001001010000010001000011011
11100001001010000010110111100100
11111110001010000011001011100100
10100001001010000011100010110001
01010001001010000011011101001110
10110001001010000010100010110001
00001001001010000011101000011011
11101001001010000010010111100100
11110001001010000011110111100100
01011001001010000011111101001110
00011001001010000010101000011011
10100101001010000011110010110001
00010101001010000010011000011011
11100101001010000010100111100100
10110101001010000010110010110001
01010101001010000011001101001110
00001101001010000011111000011011
01001101001010000010101101001110
10101101001010000011010010110001
11101101001010000010000111100100
10111101001010000010010010110001
11111101001010000011000111100100
10100011001010000011101010110001
01000011001010000010010101001110
10110011001010000010101010110001
10101011001010000011001010110001
01001011001010000010110101001110
01011011001010000011110101001110
10111011001010000010001010110001
00000111001010000011010000011011
11111011001010000011011111100100
01000111001010000010000101001110
10100111001010000011111010110001
11100111001010000010101111100100
01010111001010000011000101001110
10110111001010000010111010110001
11110111001010000011101111100100
01001111001010000010100101001110
01011111001010000011100101001110
11101111001010000010001111100100
00011111001010000010110000011011
11111111001010000011001111100100
01010000101010000011011011001110
01001000101010000010111011001110
00001000101010000011101110011011
10110000101010000010100100110001
11110000101010000011110001100100
10101000101010000011000100110001
00000100101010000011011110011011
00011000101010000010101110011011
11101000101010000010010001100100
10111000101010000010000100110001
01000100101010000010001011001110
11100100101010000010100001100100
00010100101010000010011110011011
11110100101010000011100001100100
01011100101010000011101011001110
00011100101010000010111110011011
11100010101010000010111001100100
01000010101010000010010011001110
00001010101010000011100110011011
01010010101010000011010011001110
11110010101010000011111001100100
10101010101010000011001100110001
01011010101010000011110011001110
10111010101010000010001100110001
00011010101010000010100110011011
00000110101010000011010110011011
10100110101010000011111100110001
01001110101010000010100011001110
10110110101010000010111100110001
01010110101010000011000011001110
11110110101010000011101001100100
10101110101010000011011100110001
11101110101010000010001001100100
10111110101010000010011100110001
01011110101010000011100011001110
11111110101010000011001001100100
01010001101010000011011111001110
00010001101010000010001010011011
11101001101010000010010101100100
11110001101010000011110101100100
11100001101010000010110101100100
01001001101010000010111111001110
10100101101010000011110000110001
11100101101010000010100101100100
00000101101010000011011010011011
01000101101010000010001111001110
11111001101010000011010101100100
11110101101010000011100101100100
01010101101010000011001111001110
00001101101010000011111010011011
11101101101010000010000101100100
00011101101010000010111010011011
01001101101010000010101111001110
11100011101010000010111101100100
10111101101010000010010000110001
11111101101010000011000101100100
10110011101010000010101000110001
01010011101010000011010111001110
00001011101010000011100010011011
10111011101010000010001000110001
00011011101010000010100010011011
10101011101010000011001000110001
01001011101010000010110111001110
11101011101010000010011101100100
11111011101010000011011101100100
11110111101010000011101101100100
00000111101010000011010010011011
11100111101010000010101101100100
00010111101010000010010010011011
10110111101010000010111000110001
00001111101010000011110010011011
01001111101010000010100111001110
10101111101010000011011000110001
11101111101010000010001101100100
00011111101010000010110010011011
11111111101010000011001101100100
01001000011010000010111000001110
11110000011010000011110010100100
10110000011010000010100111110001
11101000011010000010010010100100
00000100011010000011011101011011
01011000011010000011111000001110
11111000011010000011010010100100
10110100011010000010110111110001
11110100011010000011100010100100
00001100011010000011111101011011
00011100011010000010111101011011
10100010011010000011101111110001
11111100011010000011000010100100
01011100011010000011101000001110
10111100011010000010010111110001
10110010011010000010101111110001
00010010011010000010000101011011
11110010011010000011111010100100
00001010011010000011100101011011
10111010011010000010001111110001
00011010011010000010100101011011
11111010011010000011011010100100
00000110011010000011010101011011
00001110011010000011110101011011
11110110011010000011101010100100
10101110011010000011011111110001
00011110011010000010110101011011
11111110011010000011001010100100
10100001011010000011100011110001
11100001011010000010110110100100
10110001011010000010100011110001
01010001011010000011011100001110
01001001011010000010111100001110
00001001011010000011101001011011
11110001011010000011110110100100
11101001011010000010010110100100
11111001011010000011010110100100
01011001011010000011111100001110
11110101011010000011100110100100
00000101011010000011011001011011
10100101011010000011110011110001
11100101011010000010100110100100
00010101011010000010011001011011
10110101011010000010110011110001
00001101011010000011111001011011
01001101011010000010101100001110
01011101011010000011101100001110
11101101011010000010000110100100
00011101011010000010111001011011
10111101011010000010010011110001
11111101011010000011000110100100
01000011011010000010010100001110
11110011011010000011111110100100
01010011011010000011010100001110
11100011011010000010111110100100
01001011011010000010110100001110
00001011011010000011100001011011
10101011011010000011001011110001
11101011011010000010011110100100
00011011011010000010100001011011
10111011011010000010001011110001
11111011011010000011011110100100
01000111011010000010000100001110
10100111011010000011111011110001
10110111011010000010111011110001
00010111011010000010010001011011
11100111011010000010101110100100
11110111011010000011101110100100
01001111011010000010100100001110
00011111011010000010110001011011
11101111011010000010001110100100
10111111011010000010011011110001
00010000111010000010001111011011
11111111011010000011001110100100
01010000111010000011011010001110
11100000111010000010110000100100
11110000111010000011110000100100
11101000111010000010010000100100
10101000111010000011000101110001
00011000111010000010101111011011
01011000111010000011111010001110
10111000111010000010000101110001
00000100111010000011011111011011
10100100111010000011110101110001
00010100111010000010011111011011
11110100111010000011100000100100
01010100111010000011001010001110
10110100111010000010110101110001
00001100111010000011111111011011
00011100111010000010111111011011
01001100111010000010101010001110
10111100111010000010010101110001
01000010111010000010010010001110
00001010111010000011100111011011
10110010111010000010101101110001
10101010111010000011001101110001
11101010111010000010011000100100
00011010111010000010100111011011
10111010111010000010001101110001
10100110111010000011111101110001
11100110111010000010101000100100
00010110111010000010010111011011
01001110111010000010100010001110
00001110111010000011110111011011
11110110111010000011101000100100
10101110111010000011011101110001
11101110111010000010001000100100
00011110111010000010110111011011
01011110111010000011100010001110
10100001111010000011100001110001
11111110111010000011001000100100
11100001111010000010110100100100
01010001111010000011011110001110
00001001111010000011101011011011
11110001111010000011110100100100
10110001111010000010100001110001
01001001111010000010111110001110
10101001111010000011000001110001
00011001111010000010101011011011
00000101111010000011011011011011
01000101111010000010001110001110
10100101111010000011110001110001
00010101111010000010011011011011
10110101111010000010110001110001
01010101111010000011001110001110
11110101111010000011100100100100
10101101111010000011010001110001
01001101111010000010101110001110
11101101111010000010000100100100
10111101111010000010010001110001
11111101111010000011000100100100
01011101111010000011101110001110
01000011111010000010010110001110
10100011111010000011101001110001
11100011111010000010111100100100
11110011111010000011111100100100
01001011111010000010110110001110
10101011111010000011001001110001
10110011111010000010101001110001
00001011111010000011100011011011
01010011111010000011010110001110
11101011111010000010011100100100
10111011111010000010001001110001
11111011111010000011011100100100
01011011111010000011110110001110
00011011111010000010100011011011
10100111111010000011111001110001
11100111111010000010101100100100
10110111111010000010111001110001
11101111111010000010001100100100
10101111111010000011011001110001
01011111111010000011100110001110
11111111111010000011001100100100
00001100000110000011111100101011
01011100000110000011101001111110
00011100000110000010111100101011
00010010000110000010000100101011
11111100000110000011000011010100
11110010000110000011111011010100
01010010000110000011010001111110
00001010000110000011100100101011
01001010000110000010110001111110
00010110000110000010010100101011
11100110000110000010101011010100
01001110000110000010100001111110
01011110000110000011100001111110
01010001000110000011011101111110
00010001000110000010001000101011
00001001000110000011101000101011
01001001000110000010111101111110
11110001000110000011110111010100
00011001000110000010101000101011
11111001000110000011010111010100
01011001000110000011111101111110
01010101000110000011001101111110
11100101000110000010100111010100
00010101000110000010011000101011
11110101000110000011100111010100
01001101000110000010101101111110
01011101000110000011101101111110
00011101000110000010111000101011
01000011000110000010010101111110
11101011000110000010011111010100
01001011000110000010110101111110
11111011000110000011011111010100
01000111000110000010000101111110
00000111000110000011010000101011
01001111000110000010100101111110
11110111000110000011101111010100
00001111000110000011110000101011
11101111000110000010001111010100
01011111000110000011100101111110
00010000100110000010001110101011
01010000100110000011011011111110
11100000100110000010110001010100
01001000100110000010111011111110
00001000100110000011101110101011
11101000100110000010010001010100
00011000100110000010101110101011
01011000100110000011111011111110
00000100100110000011011110101011
11110100100110000011100001010100
00001100100110000011111110101011
01001100100110000010101011111110
00011100100110000010111110101011
01000010100110000010010011111110
11100010100110000010111001010100
11110010100110000011111001010100
01010010100110000011010011111110
00011010100110000010100110101011
01001010100110000010110011111110
11101010100110000010011001010100
01011010100110000011110011111110
11111010100110000011011001010100
00000110100110000011010110101011
11101110100110000010001001010100
00001110100110000011110110101011
01001110100110000010100011111110
00011110100110000010110110101011
01010001100110000011011111111110
11110001100110000011110101010100
01001001100110000010111111111110
11101001100110000010010101010100
00011001100110000010101010101011
00000101100110000011011010101011
01000101100110000010001111111110
11111001100110000011010101010100
11100101100110000010100101010100
00010101100110000010011010101011
11110101100110000011100101010100
00001101100110000011111010101011
01001101100110000010101111111110
00011101100110000010111010101011
11111101100110000011000101010100
11100011100110000010111101010100
01010011100110000011010111111110
11110011100110000011111101010100
00001011100110000011100010101011
01001011100110000010110111111110
00011011100110000010100010101011
01011011100110000011110111111110
11101011100110000010011101010100
00000111100110000011010010101011
11100111100110000010101101010100
00001111100110000011110010101011
00010111100110000010010010101011
11110111100110000011101101010100
11101111100110000010001101010100
01001111100110000010100111111110
01011111100110000011100111111110
10101000010110000011000111000001
11110000010110000011110010010100
11101000010110000010010010010100
10110000010110000010100111000001
01011000010110000011111000111110
10100100010110000011110111000001
00000100010110000011011101101011
11100100010110000010100010010100
01000100010110000010001000111110
00010100010110000010011101101011
11110100010110000011100010010100
00001100010110000011111101101011
10101100010110000011010111000001
01011100010110000011101000111110
00011100010110000010111101101011
10111100010110000010010111000001
11111100010110000011000010010100
10100010010110000011101111000001
10110010010110000010101111000001
01001010010110000010110000111110
00001010010110000011100101101011
00011010010110000010100101101011
11111010010110000011011010010100
10101010010110000011001111000001
11101010010110000010011010010100
00000110010110000011010101101011
10111010010110000010001111000001
11100110010110000010101010010100
00001110010110000011110101101011
11101110010110000010001010010100
01011110010110000011100000111110
11111110010110000011001010010100
11100001010110000010110110010100
00001001010110000011101001101011
11110001010110000011110110010100
00010001010110000010001001101011
11101001010110000010010110010100
00000101010110000011011001101011
11111001010110000011010110010100
11110101010110000011100110010100
00001101010110000011111001101011
01010101010110000011001100111110
01001101010110000010101100111110
01011101010110000011101100111110
10100011010110000011101011000001
01000011010110000010010100111110
01010011010110000011010100111110
11110011010110000011111110010100
11100011010110000010111110010100
11101011010110000010011110010100
00001011010110000011100001101011
01001011010110000010110100111110
01000111010110000010000100111110
00011011010110000010100001101011
11111011010110000011011110010100
01011011010110000011110100111110
01010111010110000011000100111110
11100111010110000010101110010100
11110111010110000011101110010100
00001111010110000011110001101011
11111111010110000011001110010100
00010000110110000010001111101011
01010000110110000011011010111110
11101111010110000010001110010100
00001000110110000011101111101011
10101111010110000011011011000001
01011111010110000011100100111110
01000100110110000010001010111110
00011000110110000010101111101011
01010100110110000011001010111110
01011000110110000011111010111110
00011100110110000010111111101011
01011100110110000011101010111110
01000010110110000010010010111110
11100010110110000010111000010100
00010010110110000010000111101011
00001010110110000011100111101011
11110010110110000011111000010100
01010010110110000011010010111110
01001010110110000010110010111110
11111010110110000011011000010100
11101010110110000010011000010100
11100110110110000010101000010100
00010110110110000010010111101011
11110110110110000011101000010100
01001110110110000010100010111110
11111110110110000011001000010100
11100001110110000010110100010100
00001001110110000011101011101011
01010001110110000011011110111110
00010001110110000010001011101011
11101001110110000010010100010100
00011001110110000010101011101011
01001001110110000010111110111110
01011001110110000011111110111110
11100101110110000010100100010100
01000101110110000010001110111110
00001101110110000011111011101011
11110101110110000011100100010100
01001101110110000010101110111110
00011101110110000010111011101011
11101101110110000010000100010100
11111101110110000011000100010100
11100011110110000010111100010100
01010011110110000011010110111110
00001011110110000011100011101011
01001011110110000010110110111110
00011011110110000010100011101011
01000111110110000010000110111110
11100111110110000010101100010100
11111011110110000011011100010100
01010111110110000011000110111110
01011011110110000011110110111110
11110111110110000011101100010100
00001111110110000011110011101011
00011111110110000010110011101011
11101111110110000010001100010100
01001111110110000010100110111110
11111111110110000011001100010100
10111000001110000010000110100001
11111000001110000011010011110100
11100100001110000010100011110100
10100100001110000011110110100001
00010100001110000010011100001011
01000100001110000010001001011110
01010100001110000011001001011110
10110100001110000010110110100001
00001100001110000011111100001011
11110100001110000011100011110100
01001100001110000010101001011110
10101100001110000011010110100001
01011100001110000011101001011110
10111100001110000010010110100001
00011100001110000010111100001011
11100010001110000010111011110100
11111100001110000011000011110100
01010010001110000011010001011110
10110010001110000010101110100001
01001010001110000010110001011110
11101010001110000010011011110100
10101010001110000011001110100001
10111010001110000010001110100001
00011010001110000010100100001011
00010110001110000010010100001011
11100110001110000010101011110100
11110110001110000011101011110100
10110110001110000010111110100001
00001110001110000011110100001011
10101110001110000011011110100001
01011110001110000011100001011110
11101110001110000010001011110100
00011110001110000010110100001011
10110001001110000010100010100001
01010001001110000011011101011110
11101001001110000010010111110100
11111001001110000011010111110100
01000101001110000010001101011110
01001001001110000010111101011110
10101001001110000011000010100001
11100101001110000010100111110100
10100101001110000011110010100001
01010101001110000011001101011110
00001101001110000011111000001011
01001101001110000010101101011110
11110101001110000011100111110100
10110101001110000010110010100001
10101101001110000011010010100001
11101101001110000010000111110100
00011101001110000010111000001011
01011101001110000011101101011110
11111101001110000011000111110100
10111101001110000010010010100001
10100011001110000011101010100001
11100011001110000010111111110100
01010011001110000011010101011110
10110011001110000010101010100001
01001011001110000010110101011110
11110011001110000011111111110100
11101011001110000010011111110100
01011011001110000011110101011110
01000111001110000010000101011110
10110111001110000010111010100001
10100111001110000011111010100001
11110111001110000011101111110100
01010111001110000011000101011110
10101111001110000011011010100001
01011111001110000011100101011110
01010000101110000011011011011110
00010000101110000010001110001011
10111111001110000010011010100001
11111111001110000011001111110100
10110000101110000010100100100001
10101000101110000011000100100001
11110000101110000011110001110100
01001000101110000010111011011110
11111000101110000011010001110100
11100100101110000010100001110100
10100100101110000011110100100001
10111000101110000010000100100001
10110100101110000010110100100001
00001100101110000011111110001011
10101100101110000011010100100001
11110100101110000011100001110100
01001100101110000010101011011110
00011100101110000010111110001011
01011100101110000011101011011110
01000010101110000010010011011110
11110010101110000011111001110100
00001010101110000011100110001011
01001010101110000010110011011110
00011010101110000010100110001011
11111010101110000011011001110100
11100110101110000010101001110100
10110110101110000010111100100001
00001110101110000011110110001011
11110110101110000011101001110100
10101110101110000011011100100001
01011110101110000011100011011110
11100001101110000010110101110100
11110001101110000011110101110100
01010001101110000011011111011110
11111001101110000011010101110100
10100101101110000011110000100001
00010101101110000010011010001011
01010101101110000011001111011110
00001101101110000011111010001011
11110101101110000011100101110100
11101101101110000010000101110100
01001101101110000010101111011110
11111101101110000011000101110100
01000011101110000010010111011110
11100011101110000010111101110100
10110011101110000010101000100001
01010011101110000011010111011110
01001011101110000010110111011110
11110011101110000011111101110100
10101011101110000011001000100001
01011011101110000011110111011110
01000111101110000010000111011110
00010111101110000010010010001011
01010111101110000011000111011110
00001111101110000011110010001011
10101111101110000011011000100001
01001111101110000010100111011110
00011111101110000010110010001011
11101111101110000010001101110100
01011111101110000011100111011110
01001000011110000010111000011110
00001000011110000011101101001011
10101000011110000011000111100001
11101000011110000010010010110100
00011000011110000010101101001011
10100100011110000011110111100001
10111000011110000010000111100001
00001100011110000011111101001011
01001100011110000010101000011110
00011100011110000010111101001011
10101100011110000011010111100001
01011100011110000011101000011110
10111100011110000010010111100001
10110010011110000010101111100001
00010010011110000010000101001011
10100010011110000011101111100001
11110010011110000011111010110100
10101010011110000011001111100001
00001010011110000011100101001011
00011010011110000010100101001011
11101010011110000010011010110100
10111010011110000010001111100001
10100110011110000011111111100001
11100110011110000010101010110100
00010110011110000010010101001011
11101110011110000010001010110100
10101110011110000011011111100001
00011110011110000010110101001011
00010001011110000010001001001011
10100001011110000011100011100001
11111110011110000011001010110100
10110001011110000010100011100001
11101001011110000010010110110100
01001001011110000010111100011110
00001001011110000011101001001011
11111001011110000011010110110100
01000101011110000010001100011110
11100101011110000010100110110100
00001101011110000011111001001011
10110101011110000010110011100001
01010101011110000011001100011110
11110101011110000011100110110100
01001101011110000010101100011110
10101101011110000011010011100001
00011101011110000010111001001011
01011101011110000011101100011110
01000011011110000010010100011110
10100011011110000011101011100001
00001011011110000011100001001011
01001011011110000010110100011110
01010011011110000011010100011110
11110011011110000011111110110100
11100011011110000010111110110100
10101011011110000011001011100001
10111011011110000010001011100001
01000111011110000010000100011110
11111011011110000011011110110100
01010111011110000011000100011110
10110111011110000010111011100001
01001111011110000010100100011110
00001111011110000011110001001011
11110111011110000011101110110100
01010000111110000011011010011110
10110000111110000010100101100001
11111111011110000011001110110100
00010000111110000010001111001011
10111111011110000010011011100001
01011000111110000011111010011110
11101000111110000010010000110100
11111000111110000011010000110100
10111000111110000010000101100001
10100100111110000011110101100001
10110100111110000010110101100001
01010100111110000011001010011110
00001100111110000011111111001011
10101100111110000011010101100001
01001100111110000010101010011110
00011100111110000010111111001011
10111100111110000010010101100001
01011100111110000011101010011110
01000010111110000010010010011110
10100010111110000011101101100001
11100010111110000010111000110100
00010010111110000010000111001011
10110010111110000010101101100001
11110010111110000011111000110100
00001010111110000011100111001011
10101010111110000011001101100001
01001010111110000010110010011110
00011010111110000010100111001011
01011010111110000011110010011110
10111010111110000010001101100001
11111010111110000011011000110100
10100110111110000011111101100001
00010110111110000010010111001011
01010110111110000011000010011110
01001110111110000010100010011110
10101110111110000011011101100001
11101110111110000010001000110100
00011110111110000010110111001011
11111110111110000011001000110100
10100001111110000011100001100001
00010001111110000010001011001011
11100001111110000010110100110100
00011001111110000010101011001011
11101001111110000010010100110100
01001001111110000010111110011110
01000101111110000010001110011110
11100101111110000010100100110100
10100101111110000011110001100001
10110101111110000010110001100001
01010101111110000011001110011110
00001101111110000011111011001011
10101101111110000011010001100001
11101101111110000010000100110100
00011101111110000010111011001011
01011101111110000011101110011110
10100011111110000011101001100001
01010011111110000011010110011110
11111101111110000011000100110100
01001011111110000010110110011110
10101011111110000011001001100001
00011011111110000010100011001011
01011011111110000011110110011110
11111011111110000011011100110100
10100111111110000011111001100001
10110111111110000010111001100001
00001111111110000011110011001011
01011111111110000011100110011110
01010000100001000011011011100010
10110000100001000010100100011101
00010000100001000010001110110111
00001000100001000011101110110111
00011000100001000010101110110111
11101000100001000010010001001000
01011000100001000011111011100010
01000100100001000010001011100010
11100100100001000010100001001000
10100010100001000011101100011101
11100010100001000010111001001000
01000010100001000010010011100010
10111010100001000010001100011101
10100110100001000011111100011101
10110110100001000010111100011101
01010110100001000011000011100010
00001110100001000011110110110111
01001110100001000010100011100010
00011110100001000010110110110111
11100001100001000010110101001000
01010101100001000011001111100010
11111001100001000011010101001000
01011101100001000011101111100010
10100011100001000011101000011101
00001011100001000011100010110111
00011011100001000010100010110111
11110011100001000011111101001000
10111011100001000010001000011101
11111011100001000011011101001000
10110111100001000010111000011101
11101111100001000010001101001000
01011111100001000011100111100010
00011111100001000010110010110111
01000100010001000010001000100010
11100100010001000010100010001000
01010100010001000011001000100010
10110100010001000010110111011101
11110100010001000011100010001000
01001100010001000010101000100010
00010100010001000010011101110111
10111100010001000010010111011101
11111100010001000011000010001000
01011100010001000011101000100010
10100010010001000011101111011101
01001010010001000010110000100010
00001010010001000011100101110111
11110010010001000011111010001000
01010010010001000011010000100010
11101010010001000010011010001000
10111010010001000010001111011101
00001110010001000011110101110111
11111110010001000011001010001000
10100001010001000011100011011101
10110001010001000010100011011101
11100001010001000010110110001000
01010001010001000011011100100010
11110001010001000011110110001000
00001001010001000011101001110111
11111001010001000011010110001000
01001101010001000010101100100010
00011101010001000010111001110111
01000011010001000010010100100010
10100011010001000011101011011101
01010011010001000011010100100010
00011011010001000010100001110111
10100111010001000011111011011101
11111011010001000011011110001000
01010111010001000011000100100010
10110111010001000010111011011101
11110111010001000011101110001000
11101111010001000010001110001000
00011111010001000010110001110111
01011111010001000011100100100010
11111111010001000011001110001000
01001000110001000010111010100010
00010100110001000010011111110111
10101100110001000011010101011101
00011100110001000010111111110111
01010010110001000011010010100010
01001010110001000010110010100010
00011010110001000010100111110111
01011110110001000011100010100010
00011110110001000010110111110111
10100001110001000011100001011101
10111110110001000010011101011101
11100001110001000010110100001000
11110001110001000011110100001000
01010001110001000011011110100010
00010001110001000010001011110111
00011001110001000010101011110111
10100101110001000011110001011101
11111001110001000011010100001000
01001101110001000010101110100010
10100011110001000011101001011101
11100011110001000010111100001000
10111101110001000010010001011101
00001011110001000011100011110111
10110011110001000010101001011101
01001011110001000010110110100010
11100111110001000010101100001000
10111011110001000010001001011101
01011011110001000011110110100010
10110111110001000010111001011101
00011111110001000010110011110111
10101111110001000011011001011101
10111111110001000010011001011101
10100100001001000011110110111101
01010100001001000011001001000010
01001100001001000010101001000010
10101100001001000011010110111101
10111100001001000010010110111101
11100010001001000010111011101000
00011010001001000010100100010111
10101010001001000011001110111101
00010110001001000010010100010111
10111010001001000010001110111101
10110110001001000010111110111101
00001110001001000011110100010111
11111110001001000011001011101000
10101001001001000011000010111101
01001001001001000010111101000010
10100101001001000011110010111101
00010101001001000010011000010111
11100101001001000010100111101000
01001101001001000010101101000010
01010101001001000011001101000010
10101101001001000011010010111101
11100011001001000010111111101000
01001011001001000010110101000010
10100011001001000011101010111101
11110011001001000011111111101000
01010011001001000011010101000010
11111011001001000011011111101000
01011011001001000011110101000010
10110111001001000010111010111101
10110000101001000010100100111101
01010000101001000011011011000010
00001000101001000011101110010111
11101000101001000010010001101000
10101000101001000011000100111101
11111000101001000011010001101000
01000100101001000010001011000010
11110100101001000011100001101000
00001100101001000011111110010111
01011100101001000011101011000010
00011100101001000010111110010111
01001100101001000010101011000010
00001010101001000011100110010111
01001010101001000010110011000010
00011010101001000010100110010111
10100110101001000011111100111101
11111010101001000011011001101000
11100110101001000010101001101000
01010110101001000011000011000010
10110110101001000010111100111101
11110110101001000011101001101000
10101110101001000011011100111101
11110001101001000011110101101000
11100001101001000010110101101000
11111001101001000011010101101000
00011001101001000010101010010111
00010101101001000010011010010111
01001101101001000010101111000010
01011101101001000011101111000010
00011101101001000010111010010111
11111101101001000011000101101000
01010011101001000011010111000010
11100011101001000010111101101000
00001011101001000011100010010111
10101011101001000011001000111101
11101011101001000010011101101000
01011011101001000011110111000010
10111011101001000010001000111101
11100111101001000010101101101000
11110111101001000011101101101000
10101000011001000011000111111101
11101000011001000010010010101000
11111000011001000011010010101000
00010100011001000010011101010111
10101100011001000011010111111101
10101010011001000011001111111101
00011010011001000010100101010111
00001010011001000011100101010111
10111010011001000010001111111101
11111010011001000011011010101000
10100110011001000011111111111101
10110110011001000010111111111101
10101110011001000011011111111101
00001110011001000011110101010111
11100001011001000010110110101000
10110001011001000010100011111101
00010001011001000010001001010111
11101001011001000010010110101000
11100101011001000010100110101000
11110101011001000011100110101000
10101101011001000011010011111101
11111101011001000011000110101000
11100011011001000010111110101000
10110011011001000010101011111101
11100111011001000010101110101000
10101000111001000011000101111101
00001010111001000011100111010111
10110010111001000010101101111101
11100010111001000010111000101000
10101010111001000011001101111101
11101010111001000010011000101000
10111010111001000010001101111101
10100110111001000011111101111101
00010110111001000010010111010111
11100110111001000010101000101000
00001110111001000011110111010111
10101110111001000011011101111101
11110110111001000011101000101000
00011110111001000010110111010111
11101110111001000010001000101000
00001001111001000011101011010111
11110001111001000011110100101000
11110101111001000011100100101000
11100101111001000010100100101000
11110011111001000011111100101000
10101011111001000011001001111101
00011011111001000010100011010111
11111011111001000011011100101000
11100111111001000010101100101000
10101111111001000011011001111101
11101111111001000010001100101000
11111111111001000011001100101000
00011010000101000010100100100111
01001010000101000010110001110010
01011010000101000011110001110010
11111010000101000011011011011000
10110110000101000010111110001101
11101110000101000010001011011000
00011110000101000010110100100111
11100001000101000010110111011000
10100001000101000011100010001101
00010001000101000010001000100111
01001001000101000010111101110010
00011001000101000010101000100111
01010101000101000011001101110010
00011101000101000010111000100111
01011101000101000011101101110010
11101011000101000010011111011000
01011011000101000011110101110010
10111011000101000010001010001101
11100111000101000010101111011000
11110111000101000011101111011000
10101111000101000011011010001101
10111111000101000010011010001101
00001000100101000011101110100111
01001000100101000010111011110010
01010000100101000011011011110010
11111111000101000011001111011000
11101000100101000010010001011000
11111000100101000011010001011000
01010100100101000011001011110010
00010100100101000010011110100111
10110100100101000010110100001101
00001100100101000011111110100111
00011100100101000010111110100111
11100010100101000010111001011000
10110010100101000010101100001101
00001010100101000011100110100111
11110010100101000011111001011000
11101010100101000010011001011000
00011010100101000010100110100111
11100110100101000010101001011000
01010110100101000011000011110010
10101110100101000011011100001101
01011110100101000011100011110010
11100001100101000010110101011000
00001001100101000011101010100111
01001001100101000010111111110010
01010001100101000011011111110010
11110001100101000011110101011000
11101001100101000010010101011000
01011001100101000011111111110010
00010101100101000010011010100111
11111001100101000011010101011000
11100101100101000010100101011000
11110101100101000011100101011000
01010101100101000011001111110010
01001101100101000010101111110010
00011101100101000010111010100111
01011101100101000011101111110010
11100011100101000010111101011000
01010011100101000011010111110010
11100111100101000010101101011000
11111011100101000011011101011000
00010111100101000010010010100111
00001111100101000011110010100111
01001111100101000010100111110010
11101111100101000010001101011000
00011111100101000010110010100111
01011000010101000011111000110010
00011000010101000010101101100111
10101000010101000011000111001101
11111000010101000011010010011000
01000100010101000010001000110010
10100100010101000011110111001101
11100100010101000010100010011000
00010100010101000010011101100111
00001100010101000011111101100111
01011100010101000011101000110010
10100010010101000011101111001101
01010010010101000011010000110010
10110010010101000010101111001101
00001010010101000011100101100111
00011010010101000010100101100111
01011010010101000011110000110010
10111010010101000010001111001101
11111010010101000011011010011000
10100110010101000011111111001101
00010110010101000010010101100111
11100110010101000010101010011000
10110110010101000010111111001101
11110110010101000011101010011000
10101110010101000011011111001101
00001001010101000011101001100111
01001001010101000010111100110010
11101001010101000010010110011000
00011001010101000010101001100111
10100101010101000011110011001101
10110011010101000010101011001101
00001011010101000011100001100111
11100111010101000010101110011000
10110111010101000010111011001101
11110111010101000011101110011000
00001111010101000011110001100111
10101111010101000011011011001101
11101111010101000010001110011000
10111111010101000010011011001101
10110000110101000010100101001101
01001000110101000010111010110010
01000100110101000010001010110010
00010100110101000010011111100111
10100010110101000011101101001101
01010010110101000011010010110010
11100010110101000010111000011000
11110010110101000011111000011000
00011010110101000010100111100111
01011010110101000011110010110010
10100110110101000011111101001101
00010110110101000010010111100111
10110110110101000010111101001101
10101110110101000011011101001101
00011110110101000010110111100111
10111110110101000010011101001101
01001001110101000010111110110010
00001001110101000011101011100111
00011001110101000010101011100111
11111001110101000011010100011000
01000101110101000010001110110010
00010101110101000010011011100111
01011101110101000011101110110010
10101101110101000011010001001101
10100011110101000011101001001101
11100011110101000010111100011000
10110011110101000010101001001101
11110011110101000011111100011000
00011011110101000010100011100111
01001111110101000010100110110010
11110111110101000011101100011000
10110100001101000010110110101101
01011100001101000011101001010010
11100010001101000010111011111000
01010010001101000011010001010010
10110110001101000010111110101101
10101110001101000011011110101101
11101110001101000010001011111000
11111110001101000011001011111000
10100001001101000011100010101101
01000101001101000010001101010010
11100101001101000010100111111000
11110101001101000011100111111000
01010011001101000011010101010010
11110011001101000011111111111000
11100011001101000010111111111000
10101011001101000011001010101101
01011011001101000011110101010010
01010111001101000011000101010010
11101111001101000010001111111000
10110000101101000010100100101101
11110000101101000011110001111000
10101000101101000011000100101101
01010100101101000011001011010010
00001100101101000011111110000111
10100100101101000011110100101101
00001010101101000011100110000111
00011010101101000010100110000111
01011010101101000011110011010010
11111010101101000011011001111000
00010110101101000010010110000111
11110110101101000011101001111000
11110001101101000011110101111000
01010001101101000011011111010010
01001001101101000010111111010010
01000101101101000010001111010010
11110101101101000011100101111000
10110101101101000010110000101101
01011101101101000011101111010010
10100011101101000011101000101101
11100011101101000010111101111000
01010011101101000011010111010010
11101011101101000010011101111000
10101011101101000011001000101101
10111011101101000010001000101101
01011011101101000011110111010010
10100111101101000011111000101101
11100111101101000010101101111000
10110111101101000010111000101101
11101111101101000010001101111000
11100100011101000010100010111000
11111000011101000011010010111000
00011000011101000010101101000111
00010100011101000010011101000111
10110100011101000010110111101101
11110100011101000011100010111000
11111100011101000011000010111000
00011010011101000010100101000111
11110010011101000011111010111000
10111010011101000010001111101101
10101110011101000011011111101101
11101110011101000010001010111000
01010001011101000011011100010010
00001001011101000011101001000111
11101001011101000010010110111000
01000101011101000010001100010010
10100101011101000011110011101101
11100101011101000010100110111000
01010101011101000011001100010010
11110101011101000011100110111000
01001101011101000010101100010010
10111101011101000010010011101101
10110011011101000010101011101101
00001011011101000011100001000111
10100111011101000011111011101101
10111011011101000010001011101101
00010111011101000010010001000111
01001111011101000010100100010010
00011111011101000010110001000111
00001000111101000011101111000111
10101000111101000011000101101101
00011000111101000010101111000111
10100100111101000011110101101101
01010100111101000011001010010010
00001100111101000011111111000111
01001100111101000010101010010010
01011100111101000011101010010010
10111100111101000010010101101101
01010010111101000011010010010010
10110010111101000010101101101101
00011010111101000010100111000111
01011010111101000011110010010010
00010110111101000010010111000111
01010110111101000011000010010010
00001110111101000011110111000111
01001110111101000010100010010010
00011110111101000010110111000111
10101110111101000011011101101101
01011110111101000011100010010010
11101001111101000010010100111000
01011001111101000011111110010010
11100101111101000010100100111000
00010101111101000010011011000111
10110101111101000010110001101101
01001101111101000010101110010010
11111101111101000011000100111000
10111101111101000010010001101101
10110011111101000010101001101101
01001011111101000010110110010010
11110011111101000011111100111000
10100111111101000011111001101101
11111011111101000011011100111000
00010111111101000010010011000111
11110111111101000011101100111000
01001111111101000010100110010010
00011111111101000010110011000111
11101111111101000010001100111000
01011111111101000011100110010010
10111111111101000010011001101101
11111111111101000011001100111000
10100011000011000011101010010101
01010011000011000011010101101010
10101011000011000011001010010101
01010111000011000011000101101010
01001111000011000010100101101010
10101000100011000011000100010101
01011000100011000011111011101010
01000100100011000010001011101010
10110100100011000010110100010101
00011100100011000010111110111111
10111100100011000010010100010101
10100010100011000011101100010101
00001010100011000011100110111111
01001010100011000010110011101010
10101010100011000011001100010101
00001110100011000011110110111111
00010110100011000010010110111111
10110110100011000010111100010101
10111110100011000010011100010101
01010001100011000011011111101010
01011001100011000011111111101010
00010101100011000010011010111111
00001101100011000011111010111111
01011101100011000011101111101010
01011011100011000011110111101010
10100111100011000011111000010101
10111111100011000010011000010101
01011111100011000011100111101010
01011000010011000011111000101010
01000100010011000010001000101010
10100100010011000011110111010101
10110100010011000010110111010101
10101100010011000011010111010101
01011100010011000011101000101010
10111100010011000010010111010101
00001010010011000011100101111111
01001010010011000010110000101010
01011010010011000011110000101010
10111110010011000010011111010101
00010001010011000010001001111111
01010001010011000011011100101010
00001001010011000011101001111111
01001001010011000010111100101010
01011001010011000011111100101010
01010101010011000011001100101010
10110101010011000010110011010101
00001011010011000011100001111111
01001011010011000010110100101010
01011011010011000011110100101010
00010111010011000010010001111111
01001111010011000010100100101010
00011111010011000010110001111111
10101111010011000011011011010101
01011111010011000011100100101010
01001000110011000010111010101010
10101000110011000011000101010101
01011000110011000011111010101010
00010100110011000010011111111111
01010100110011000011001010101010
10101100110011000011010101010101
01011100110011000011101010101010
00011100110011000010111111111111
01001110110011000010100010101010
10111110110011000010011101010101
00010001110011000010001011111111
01010101110011000011001110101010
00001101110011000011111011111111
10100011110011000011101001010101
10111101110011000010010001010101
00001011110011000011100011111111
01011011110011000011110110101010
00011011110011000010100011111111
01001111110011000010100110101010
10111111110011000010011001010101
01011100001011000011101001001010
01001010001011000010110001001010
10110010001011000010101110110101
10100110001011000011111110110101
00011010001011000010100100011111
00010110001011000010010100011111
00001110001011000011110100011111
01011110001011000011100001001010
01001001001011000010111101001010
01000101001011000010001101001010
10100101001011000011110010110101
01001101001011000010101101001010
00011101001011000010111000011111
01011101001011000011101101001010
10111101001011000010010010110101
01010011001011000011010101001010
10101111001011000011011010110101
01011111001011000011100101001010
10111111001011000010011010110101
00011000101011000010101110011111
01000100101011000010001011001010
10100100101011000011110100110101
10100010101011000011101100110101
01010010101011000011010011001010
01001010101011000010110011001010
10101010101011000011001100110101
00011010101011000010100110011111
10111010101011000010001100110101
00010110101011000010010110011111
10101110101011000011011100110101
00010001101011000010001010011111
01010001101011000011011111001010
01011001101011000011111111001010
00001101101011000011111010011111
01001011101011000010110111001010
10101011101011000011001000110101
01001111101011000010100111001010
01011111101011000011100111001010
10111111101011000010011000110101
00001100011011000011111101011111
10111010011011000010001111110101
00001110011011000011110101011111
00010110011011000010010101011111
00011110011011000010110101011111
10111110011011000010011111110101
10110001011011000010100011110101
00011001011011000010101001011111
10100101011011000011110011110101
00001101011011000011111001011111
00010101011011000010011001011111
10101101011011000011010011110101
01011101011011000011101100001010
10110011011011000010101011110101
10101011011011000011001011110101
00001111011011000011110001011111
01001000111011000010111010001010
10100100111011000011110101110101
01000100111011000010001010001010
00010100111011000010011111011111
01010100111011000011001010001010
00011100111011000010111111011111
10101100111011000011010101110101
00001100111011000011111111011111
10111100111011000010010101110101
10100010111011000011101101110101
10110010111011000010101101110101
01011010111011000011110010001010
00011010111011000010100111011111
10110110111011000010111101110101
10111110111011000010011101110101
00010001111011000010001011011111
01010001111011000011011110001010
01000101111011000010001110001010
10110101111011000010110001110101
01010011111011000011010110001010
10110011111011000010101001110101
01001011111011000010110110001010
00010111111011000010010011011111
01010111111011000011000110001010
10110111111011000010111001110101
01001111111011000010100110001010
10111111111011000010011001110101
00001001000111000011101000101111
00010001000111000010001000101111
01001001000111000010111101111010
01000101000111000010001101111010
00011101000111000010111000101111
00001101000111000011111000101111
01011011000111000011110101111010
01001111000111000010100101111010
00001000100111000011101110101111
01000100100111000010001011111010
00010100100111000010011110101111
01010100100111000011001011111010
01010010100111000011010011111010
00011010100111000010100110101111
01011010100111000011110011111010
00011110100111000010110110101111
00001001100111000011101010101111
01001001100111000010111111111010
00010101100111000010011010101111
00001101100111000011111010101111
01011101100111000011101111111010
00011101100111000010111010101111
01010011100111000011010111111010
01011011100111000011110111111010
00001111100111000011110010101111
01010111100111000011000111111010
00011111100111000010110010101111
00010100010111000010011101101111
01000100010111000010001000111010
00001100010111000011111101101111
01010100010111000011001000111010
10110100010111000010110111000101
01001100010111000010101000111010
10110010010111000010101111000101
10101010010111000011001111000101
01011010010111000011110000111010
10111010010111000010001111000101
00010110010111000010010101101111
00011110010111000010110101101111
01001001010111000010111100111010
00011001010111000010101001101111
01010101010111000011001100111010
10111101010111000010010011000101
10100011010111000011101011000101
01011101010111000011101100111010
01011011010111000011110100111010
10111011010111000010001011000101
00001111010111000011110001101111
10101000110111000011000101000101
01011000110111000011111010111010
00011000110111000010101111101111
10101100110111000011010101000101
00011100110111000010111111101111
01011100110111000011101010111010
01010010110111000011010010111010
10110010110111000010101101000101
00010110110111000010010111101111
00001110110111000011110111101111
10101110110111000011011101000101
01001110110111000010100010111010
00010001110111000010001011101111
00001001110111000011101011101111
00011001110111000010101011101111
01001101110111000010101110111010
10110011110111000010101001000101
00001011110111000011100011101111
01001011110111000010110110111010
00011011110111000010100011101111
10111011110111000010001001000101
01010111110111000011000110111010
01001111110111000010100110111010
01011111110111000011100110111010
11110010001111000011111011110000
10111010001111000010001110100101
11111010001111000011011011110000
11100110001111000010101011110000
11110110001111000011101011110000
01010001001111000011011101011010
01001001001111000010111101011010
11110001001111000011110111110000
10100101001111000011110010100101
11100101001111000010100111110000
01001101001111000010101101011010
11110101001111000011100111110000
10101101001111000011010010100101
10111101001111000010010010100101
10110011001111000010101010100101
11110011001111000011111111110000
01001011001111000010110101011010
01011011001111000011110101011010
10110111001111000010111010100101
10101111001111000011011010100101
01011111001111000011100101011010
10100100101111000011110100100101
00010100101111000010011110001111
01010100101111000011001011011010
10110100101111000010110100100101
10101100101111000011010100100101
01011100101111000011101011011010
01001010101111000010110011011010
00011010101111000010100110001111
01011010101111000011110011011010
00010110101111000010010110001111
10110110101111000010111100100101
01001110101111000010100011011010
00011110101111000010110110001111
10101110101111000011011100100101
01011110101111000011100011011010
00010001101111000010001010001111
01000101101111000010001111011010
01010101101111000011001111011010
01001011101111000010110111011010
10110011101111000010101000100101
10101011101111000011001000100101
01010111101111000011000111011010
01011111101111000011100111011010
10110100011111000010110111100101
00011010011111000010100101001111
10100110011111000011111111100101
10110110011111000010111111100101
00010001011111000010001001001111
01010101011111000011001100011010
01011101011111000011101100011010
00011101011111000010111001001111
10111011011111000010001011100101
01010111011111000011000100011010
10110111011111000010111011100101
00011000111111000010101111001111
00010100111111000010011111001111
01010100111111000011001010011010
00011100111111000010111111001111
10110010111111000010101101100101
10111100111111000010010101100101
01001001111111000010111110011010
10111110111111000010011101100101
10101101111111000011010001100101
01010011111111000011010110011010
10110011111111000010101001100101
10100111111111000011111001100101
00010111111111000010010011001111
01001111111111000010100110011010
01010111111111000011000110011010
00011111111111000010110011001111
10100010001000100011101110111011
01010010001000100011010001000100
10110010001000100010101110111011
11100010001000100010111011101110
10111111111111000010011001100101
11110010001000100011111011101110
01001010001000100010110001000100
11101010001000100010011011101110
10111110001000100010011110111011
10101110001000100011011110111011
11110110001000100011101011101110
11101001001000100010010111101110
11111001001000100011010111101110
11100101001000100010100111101110
01010101001000100011001101000100
01011101001000100011101101000100
10111101001000100010010010111011
10100011001000100011101010111011
11101011001000100010011111101110
01011011001000100011110101000100
01010111001000100011000101000100
10101111001000100011011010111011
01011111001000100011100101000100
10111111001000100010011010111011
11111111001000100011001111101110
01011000101000100011111011000100
10101000101000100011000100111011
10100100101000100011110100111011
10101100101000100011010100111011
10111100101000100010010100111011
10101010101000100011001100111011
01001010101000100010110011000100
01011010101000100011110011000100
11111010101000100011011001101110
10100110101000100011111100111011
01001110101000100010100011000100
10101110101000100011011100111011
11110110101000100011101001101110
11111110101000100011001001101110
01010001101000100011011111000100
11110001101000100011110101101110
11111001101000100011010101101110
01010101101000100011001111000100
01001101101000100010101111000100
01011101101000100011101111000100
11100011101000100010111101101110
10101011101000100011001000111011
01001011101000100010110111000100
01011011101000100011110111000100
10100111101000100011111000111011
01001111101000100010100111000100
10110111101000100010111000111011
10100100011000100011110111111011
11100100011000100010100010101110
11110100011000100011100010101110
10110010011000100010101111111011
11100010011000100010111010101110
11110010011000100011111010101110
10101010011000100011001111111011
11100110011000100010101010101110
10111110011000100010011111111011
11111110011000100011001010101110
11100101011000100010100110101110
10100101011000100011110011111011
10110101011000100010110011111011
11110101011000100011100110101110
10111101011000100010010011111011
10110011011000100010101011111011
11101011011000100010011110101110
11100111011000100010101110101110
10101000111000100011000101111011
10100100111000100011110101111011
10101100111000100011010101111011
10110010111000100010101101111011
11101010111000100010011000101110
10100110111000100011111101111011
11110001111000100011110100101110
11111001111000100011010100101110
11100101111000100010100100101110
10100101111000100011110001111011
10110101111000100010110001111011
11110101111000100011100100101110
11111101111000100011000100101110
11100011111000100010111100101110
10101011111000100011001001111011
11100111111000100010101100101110
11110111111000100011101100101110
01011001000100100011111101110100
01001001000100100010111101110100
01010101000100100011001101110100
01011101000100100011101101110100
10111101000100100010010010001011
10110011000100100010101010001011
10110111000100100010111010001011
01011000100100100011111011110100
11111000100100100011010001011110
10111111000100100010011010001011
01001100100100100010101011110100
01010010100100100011010011110100
01001010100100100010110011110100
11110010100100100011111001011110
01011010100100100011110011110100
01001110100100100010100011110100
11100110100100100010101001011110
01011110100100100011100011110100
11111001100100100011010101011110
01011001100100100011111111110100
11100011100100100010111101011110
01011101100100100011101111110100
01010011100100100011010111110100
01010111100100100011000111110100
01011111100100100011100111110100
11111111100100100011001101011110
11110100010100100011100010011110
10110010010100100010101111001011
10111100010100100010010111001011
10100010010100100011101111001011
11100010010100100010111010011110
11110010010100100011111010011110
10101010010100100011001111001011
10110110010100100010111111001011
10100110010100100011111111001011
11110110010100100011101010011110
10111110010100100010011111001011
11110001010100100011110110011110
01010001010100100011011100110100
10110001010100100010100011001011
01001001010100100010111100110100
01011101010100100011101100110100
11111101010100100011000110011110
11100011010100100010111110011110
01010011010100100011010100110100
11110011010100100011111110011110
01001011010100100010110100110100
10101011010100100011001011001011
10100111010100100011111011001011
11100111010100100010101110011110
10110111010100100010111011001011
10101111010100100011011011001011
11111111010100100011001110011110
10101000110100100011000101001011
10100010110100100011101101001011
10110010110100100010101101001011
01001010110100100010110010110100
10100110110100100011111101001011
10110110110100100010111101001011
10101110110100100011011101001011
10111110110100100010011101001011
01011110110100100011100010110100
11101001110100100010010100011110
11110101110100100011100100011110
01001011110100100010110110110100
01011011110100100011110110110100
11111011110100100011011100011110
10110010001100100010101110101011
11111111110100100011001100011110
01011010001100100011110001010100
11111010001100100011011011111110
11100110001100100010101011111110
11110110001100100011101011111110
01001001001100100010111101010100
11111001001100100011010111111110
01011101001100100011101101010100
10101101001100100011010010101011
10110101001100100010110010101011
01010011001100100011010101010100
11100011001100100010111111111110
10110011001100100010101010101011
11110011001100100011111111111110
11101011001100100010011111111110
11111011001100100011011111111110
11100111001100100010101111111110
10110111001100100010111010101011
01001111001100100010100101010100
01011111001100100011100101010100
11111111001100100011001111111110
11111000101100100011010001111110
10100100101100100011110100101011
10110100101100100010110100101011
01011100101100100011101011010100
10101100101100100011010100101011
10100010101100100011101100101011
11110010101100100011111001111110
10100110101100100011111100101011
11100110101100100010101001111110
10110110101100100010111100101011
10101110101100100011011100101011
01011110101100100011100011010100
01010001101100100011011111010100
11100101101100100010100101111110
01011101101100100011101111010100
10100011101100100011101000101011
11100011101100100010111101111110
11101011101100100010011101111110
01011011101100100011110111010100
10100010011100100011101111101011
11100010011100100010111010111110
11100110011100100010101010111110
10110110011100100010111111101011
11111110011100100011001010111110
01001001011100100010111100010100
11101001011100100010010110111110
01011001011100100011111100010100
11111001011100100011010110111110
11100101011100100010100110111110
01010101011100100011001100010100
11110101011100100011100110111110
01011101011100100011101100010100
11100011011100100010111110111110
11101011011100100010011110111110
10101011011100100011001011101011
01011011011100100011110100010100
11100111011100100010101110111110
11110111011100100011101110111110
10111111011100100010011011101011
10100010111100100011101101101011
01001100111100100010101010010100
11100110111100100010101000111110
11110110111100100011101000111110
10101110111100100011011101101011
01011110111100100011100010010100
10111110111100100010011101101011
01010001111100100011011110010100
11101001111100100010010100111110
01010101111100100011001110010100
11110101111100100011100100111110
10110101111100100010110001101011
11111101111100100011000100111110
11110011111100100011111100111110
01011111111100100011100110010100
10111111111100100010011001101011
01001010100010100010110011101100
10101010100010100011001100010011
10100110100010100011111100010011
10110110100010100010111100010011
10101110100010100011011100010011
11101001100010100010010101000110
11110101100010100011100101000110
01011101100010100011101111101100
01001101100010100010101111101100
01010011100010100011010111101100
11111011100010100011011101000110
01001111100010100010100111101100
10110010010010100010101111010011
01001001010010100010111100101100
01011101010010100011101100101100
01011011010010100011110100101100
01010111010010100011000100101100
10111111010010100010011011010011
01011100110010100011101010101100
01001100110010100010101010101100
10100010110010100011101101010011
01001010110010100010110010101100
10101010110010100011001101010011
01001001110010100010111110101100
01011110110010100011100010101100
10111110110010100010011101010011
01011101110010100011101110101100
10110011110010100010101001010011
01010111110010100011000110101100
01011010001010100011110001001100
11111010001010100011011011100110
10111110001010100010011110110011
10101110001010100011011110110011
11110110001010100011101011100110
10110110001010100010111110110011
11110001001010100011110111100110
11111001001010100011010111100110
11100101001010100010100111100110
10100101001010100011110010110011
10110101001010100010110010110011
01010101001010100011001101001100
10111101001010100010010010110011
10100011001010100011101010110011
11100011001010100010111111100110
10110011001010100010101010110011
10101011001010100011001010110011
10101111001010100011011010110011
01011111001010100011100101001100
10111111001010100010011010110011
01011000101010100011111011001100
11111000101010100011010001100110
10101100101010100011010100110011
10110100101010100010110100110011
01010100101010100011001011001100
11100010101010100010111001100110
10100010101010100011101100110011
10110010101010100010101100110011
10101010101010100011001100110011
11101010101010100010011001100110
11100110101010100010101001100110
10110110101010100010111100110011
10111110101010100010011100110011
01011110101010100011100011001100
11111110101010100011001001100110
01010101101010100011001111001100
10100111101010100011111000110011
10110111101010100010111000110011
01010111101010100011000111001100
01001111101010100010100111001100
10111111101010100010011000110011
10110100011010100010110111110011
11110100011010100011100010100110
11100010011010100010111010100110
10110010011010100010101111110011
11110010011010100011111010100110
11100110011010100010101010100110
11110110011010100011101010100110
11101001011010100010010110100110
10100011011010100011101011110011
11111011011010100011011110100110
10100111011010100011111011110011
11110111011010100011101110100110
10110111011010100010111011110011
10101100111010100011010101110011
10111100111010100010010101110011
10100010111010100011101101110011
11100010111010100010111000100110
10110110111010100010111101110011
11101010111010100010011000100110
10101110111010100011011101110011
11101001111010100010010100100110
01001001111010100010111110001100
10111110111010100010011101110011
11100101111010100010100100100110
01010101111010100011001110001100
11110101111010100011100100100110
01011101111010100011101110001100
11100011111010100010111100100110
01010011111010100011010110001100
10101011111010100011001001110011
11111011111010100011011100100110
01011011111010100011110110001100
11100111111010100010101100100110
01011111111010100011100110001100
10111111111010100010011001110011
11111111111010100011001100100110
11100011000110100010111111010110
11110011000110100011111111010110
11101011000110100010011111010110
11110111000110100011101111010110
01011111000110100011100101111100
01011000100110100011111011111100
11100010100110100010111001010110
11101010100110100010011001010110
11100110100110100010101001010110
11111110100110100011001001010110
01001001100110100010111111111100
01011001100110100011111111111100
11111001100110100011010101010110
11111011100110100011011101010110
11110100010110100011100010010110
11100010010110100010111010010110
11110010010110100011111010010110
11101010010110100010011010010110
11100110010110100010101010010110
11111110010110100011001010010110
01001001010110100010111100111100
11100011010110100010111110010110
11110011010110100011111110010110
01011011010110100011110100111100
11110111010110100011101110010110
01010010110110100011010010111100
01011010110110100011110010111100
11110001110110100011110100010110
01011101110110100011101110111100
01001101110110100010101110111100
11100011110110100010111100010110
01001011110110100010110110111100
01010111110110100011000110111100
11100111110110100010101100010110
10100110001110100011111110100011
11100110001110100010101011110110
01011111110110100011100110111100
11111001001110100011010111110110
01001101001110100010101101011100
01011101001110100011101101011100
01010011001110100011010101011100
11110011001110100011111111110110
11111011001110100011011111110110
11110111001110100011101111110110
11111111001110100011001111110110
01001100101110100010101011011100
01011100101110100011101011011100
11100010101110100010111001110110
01010010101110100011010011011100
01001010101110100010110011011100
11101010101110100010011001110110
11111010101110100011011001110110
11110001101110100011110101110110
01001001101110100010111111011100
11101001101110100010010101110110
01001101101110100010101111011100
11100011101110100010111101110110
11110011101110100011111101110110
01010011101110100011010111011100
01011011101110100011110111011100
01010111101110100011000111011100
11100111101110100010101101110110
11110111101110100011101101110110
11100010011110100010111010110110
10110010011110100010101111100011
11110010011110100011111010110110
11101010011110100010011010110110
10101010011110100011001111100011
10110110011110100010111111100011
11100110011110100010101010110110
11111110011110100011001010110110
01001001011110100010111100011100
11101001011110100010010110110110
01010101011110100011001100011100
01001101011110100010101100011100
10111101011110100010010011100011
11111101011110100011000110110110
11110011011110100011111110110110
11111011011110100011011110110110
10100111011110100011111011100011
11100111011110100010101110110110
10110111011110100010111011100011
10111111011110100010011011100011
10101111011110100011011011100011
01011000111110100011111010011100
01010100111110100011001010011100
10110100111110100010110101100011
01001100111110100010101010011100
10111100111110100010010101100011
11111010111110100011011000110110
10100110111110100011111101100011
10111110111110100010011101100011
11111001111110100011010100110110
01001001111110100010111110011100
10100101111110100011110001100011
11101001111110100010010100110110
10110101111110100010110001100011
11100011111110100010111100110110
10110011111110100010101001100011
11101011111110100010011100110110
01011011111110100011110110011100
01010111111110100011000110011100
11110111111110100011101100110110
01001111111110100010100110011100
10101111111110100011011001100011
01011111111110100011100110011100
10111111111110100010011001100011
10111100110001100010010101011111
11111111111110100011001100110110
10100101110001100011110001011111
10110110110001100010111101011111
10110110001001100010111110111111
10101110001001100011011110111111
11111001001001100011010111101010
10100101001001100011110010111111
10110101001001100010110010111111
11110101001001100011100111101010
10110011001001100010101010111111
11110011001001100011111111101010
11111011001001100011011111101010
10100111001001100011111010111111
11100111001001100010101111101010
10101111001001100011011010111111
11111111001001100011001111101010
10110100101001100010110100111111
11100010101001100010111001101010
11100110101001100010101001101010
10110110101001100010111100111111
11101001101001100010010101101010
10111110101001100010011100111111
11101011101001100010011101101010
10101111101001100011011000111111
11111111101001100011001101101010
10111100011001100010010111111111
10110010011001100010101111111111
10101010011001100011001111111111
11100110011001100010101010101010
10110110011001100010111111111111
11110110011001100011101010101010
11100101011001100010100110101010
10111101011001100010010011111111
10101011011001100011001011111111
10101111011001100011011011111111
11110111011001100011101110101010
11111111011001100011001110101010
10111100111001100010010101111111
10101010111001100011001101111111
11110010111001100011111000101010
11101001111001100010010100101010
11110001111001100011110100101010
11100011111001100010111100101010
10101011111001100011001001111111
10100111111001100011111001111111
11111011111001100011011100101010
10110111111001100010111001111111
10111111111001100010011001111111
11111111111001100011001100101010
11110111000101100011101111011010
11111111000101100011001111011010
11110010100101100011111001011010
11101010100101100010011001011010
11110101100101100011100101011010
11111011100101100011011101011010
10100110010101100011111111001111
11101010010101100010011010011010
11100110010101100010101010011010
10110110010101100010111111001111
11111001010101100011010110011010
10110101010101100010110011001111
10111101010101100010010011001111
11110011010101100011111110011010
10100111010101100011111011001111
11100111010101100010101110011010
10100100110101100011110101001111
10101100110101100011010101001111
10100110110101100011111101001111
10111110110101100010011101001111
10101110110101100011011101001111
10110011110101100010101001001111
10101011110101100011001001001111
10110111110101100010111001001111
10111111110101100010011001001111
10101110001101100011011110101111
11110110001101100011101011111010
10110110001101100010111110101111
11111110001101100011001011111010
11110101001101100011100111111010
11100011001101100010111111111010
11110011001101100011111111111010
10110111001101100010111010101111
10101111001101100011011010101111
11100010101101100010111001111010
11110010101101100011111001111010
10100110101101100011111100101111
11111010101101100011011001111010
11100110101101100010101001111010
10101110101101100011011100101111
11111110101101100011001001111010
11101001101101100010010101111010
11100011101101100010111101111010
11110101101101100011100101111010
11110011101101100011111101111010
10111100011101100010010111101111
10110010011101100010101111101111
11111111101101100011001101111010
10101010011101100011001111101111
11101010011101100010011010111010
11111010011101100011011010111010
10100110011101100011111111101111
11110001011101100011110110111010
11111001011101100011010110111010
11101001011101100010010110111010
10100101011101100011110011101111
10110101011101100010110011101111
10101101011101100011010011101111
11101011011101100010011110111010
10100111011101100011111011101111
11100111011101100010101110111010
10100100111101100011110101101111
10110010111101100010101101101111
11110010111101100011111000111010
10110110111101100010111101101111
10100101111101100011110001101111
10101011111101100011001001101111
10100111111101100011111001101111
10110111111101100010111001101111
10111111111101100010011001101111
10111100010011100010010111010111
10110010010011100010101111010111
10100110010011100011111111010111
10111110010011100010011111010111
10101101010011100011010011010111
10100101010011100011110011010111
10101111010011100011011011010111
10111110110011100010011101010111
10101011110011100011001001010111
10100111110011100011111001010111
10111110001011100010011110110111
10101111110011100011011001010111
11111110001011100011001011100010
11111011001011100011011111100010
10100111001011100011111010110111
11110111001011100011101111100010
10100100101011100011110100110111
10111100101011100010010100110111
10110010101011100010101100110111
10101010101011100011001100110111
10100111101011100011111000110111
10110110011011100010111111110111
10100110011011100011111111110111
10100101011011100011110011110111
10100111011011100011111011110111
10110111011011100010111011110111
10100100111011100011110101110111
10110010111011100010101101110111
10110100111011100010110101110111
10101010111011100011001101110111
10100110111011100011111101110111
10111110111011100010011101110111
10100111111011100011111001110111
10110111111011100010111001110111
11100110100111100010101001010010
11111110100111100011001001010010
11110101100111100011100101010010
11110001100111100011110101010010
11110011100111100011111101010010
11111011100111100011011101010010
11110111100111100011101101010010
11101010010111100010011010010010
11110110010111100011101010010010
11111001010111100011010110010010
11111011010111100011011110010010
11110111010111100011101110010010
11110101001111100011100111110010
10101101001111100011010010100111
10111101001111100010010010100111
11110011001111100011111111110010
11111011001111100011011111110010
10101111001111100011011010100111
11110111001111100011101111110010
10111111001111100010011010100111
11111111001111100011001111110010
10111100101111100010010100100111
10110100101111100010110100100111
10110010101111100010101100100111
10110110101111100010111100100111
11110110101111100011101001110010
11111110101111100011001001110010
11101001101111100010010101110010
11111001101111100011010101110010
11111011101111100011011101110010
11100111101111100010101101110010
11110111101111100011101101110010
11101010011111100010011010110010
11111010011111100011011010110010
10111110011111100010011111100111
11101001011111100010010110110010
11111001011111100011010110110010
10100101011111100011110011100111
11110111011111100011101110110010
10110111011111100010111011100111
10101111011111100011011011100111
10101100111111100011010101100111
10110100111111100010110101100111
10111100111111100010010101100111
10110110111111100010111101100111
11101001111111100010010100110010
11111001111111100011010100110010
11110101111111100011100100110010
10101011111111100011001001100111
11111011111111100011011100110010
10100111111111100011111001100111
10110111111111100010111001100111
11110111111111100011101100110010
01011001010010010011111100101111
10101111111111100011011001100111
01010101010010010011001100101111
10111111111111100010011001100111
01011101010010010011101100101111
01010100110010010011001010101111
01001100110010010010101010101111
01011010110010010011110010101111
01011100110010010011101010101111
01011001110010010011111110101111
01010101110010010011001110101111
01001101110010010010101110101111
01010011110010010011010110101111
01001111110010010010100110101111
01011111110010010011100110101111
01011001001010010011111101001111
11111001001010010011010111100101
11110101001010010011100111100101
01011101001010010011101101001111
11110011001010010011111111100101
01010011001010010011010101001111
01011011001010010011110101001111
11111011001010010011011111100101
11110111001010010011101111100101
01011100101010010011101011001111
01001100101010010010101011001111
01010100101010010011001011001111
11110010101010010011111001100101
01010010101010010011010011001111
11111010101010010011011001100101
11100110101010010010101001100101
11110101101010010011100101100101
01010011101010010011010111001111
01001011101010010010110111001111
01011011101010010011110111001111
11111111101010010011001101100101
11111010011010010011011010100101
11110110011010010011101010100101
11111001011010010011010110100101
11110011011010010011111110100101
11111011011010010011011110100101
11100111011010010010101110100101
11111011111010010011011100100101
11110111111010010011101100100101
01011100100110010011101011111111
11110010100110010011111001010101
11111010100110010011011001010101
11100110100110010010101001010101
01010101100110010011001111111111
01001101100110010010101111111111
01010011100110010011010111111111
11110011100110010011111101010101
11110111100110010011101101010101
11111111100110010011001101010101
11111010010110010011011010010101
11100110010110010010101010010101
01011001010110010011111100111111
11100101010110010010100110010101
11100111010110010010101110010101
01001011010110010010110100111111
01011011010110010011110100111111
11111011010110010011011110010101
11111111010110010011001110010101
01010100110110010011001010111111
01010010110110010011010010111111
01011100110110010011101010111111
01001100110110010010101010111111
01011010110110010011110010111111
01001010110110010010110010111111
01010011110110010011010110111111
01011101110110010011101110111111
01001111110110010010100110111111
01001011110110010010110110111111
01011011110110010011110110111111
01001101001110010010101101011111
11110111001110010011101111110101
01001111001110010010100101011111
01001010101110010010110011011111
11100110101110010010101001110101
11111010101110010011011001110101
01011001101110010011111111011111
11100101101110010010100101110101
01010101101110010011001111011111
11110011101110010011111101110101
01011011101110010011110111011111
11111011101110010011011101110101
01001111101110010010100111011111
01011111101110010011100111011111
11110010011110010011111010110101
11111010011110010011011010110101
11111001011110010011010110110101
11100101011110010010100110110101
11111011011110010011011110110101
11110111011110010011101110110101
11100111011110010010101110110101
01010100111110010011001010011111
11111001111110010011010100110101
01010101111110010011001110011111
01001100111110010010101010011111
01011101111110010011101110011111
01001011111110010010110110011111
11110111111110010011101100110101
01001111111110010010100110011111
10110010101001010010101100111100
10101010101001010011001100111100
11100110101001010010101001101001
11111001101001010011010101101001
11110011101001010011111101101001
11110101101001010011100101101001
11111011101001010011011101101001
11100110011001010010101010101001
11110110011001010011101010101001
10110101011001010010110011111100
11110101011001010011100110101001
10110111011001010010111011111100
11110111011001010011101110101001
10110100111001010010110101111100
10101010111001010011001101111100
10101100111001010011010101111100
10101110111001010011011101111100
10110111111001010010111001111100
11111010100101010011011001011001
01011001100101010011111111110011
11110101100101010011100101011001
01010011100101010011010111110011
01001101100101010010101111110011
11111111100101010011001101011001
01011001010101010011111100110011
11111001010101010011010110011001
01010101010101010011001100110011
11110011010101010011111110011001
01011011010101010011110100110011
10101011010101010011001011001100
11111011010101010011011110011001
10101111010101010011011011001100
01010100110101010011001010110011
01011100110101010011101010110011
01010010110101010011010010110011
10101010110101010011001101001100
01011101110101010011101110110011
01011001110101010011111110110011
01010101110101010011001110110011
01001101110101010010101110110011
01001011110101010010110110110011
11110101001101010011100111111001
01011101001101010011101101010011
10101011001101010011001010101100
10110111001101010010111010101100
11110111001101010011101111111001
11111111001101010011001111111001
10110100101101010010110100101100
11111010101101010011011001111001
01011010101101010011110011010011
01010101101101010011001111010011
11110101101101010011100101111001
01001011101101010010110111010011
11110011101101010011111101111001
01011101101101010011101111010011
11110111101101010011101101111001
10101110011101010011011111101100
11111001011101010011010110111001
10110101011101010010110011101100
10110011011101010010101011101100
11110111011101010011101110111001
10110111011101010010111011101100
10101010111101010011001101101100
11110011111101010011111100111001
10110111111101010010111001101100
01001011010011010010110100101011
01001010110011010010110010101011
01011001110011010011111110101011
01001101110011010010101110101011
01011101110011010011101110101011
01001011110011010010110110101011
01011101101011010011101111001011
01011011101011010011110111001011
01011111101011010011100111001011
10110101011011010010110011110100
10110011011011010010101011110100
10101100111011010011010101110100
10110010111011010010101101110100
01011001100111010011111111111011
10101111111011010011011001110100
10101110111011010011011101110100
01011111100111010011100111111011
01011001010111010011111100111011
01011011010111010011110100111011
01011010110111010011110010111011
01011001110111010011111110111011
01011011110111010011110110111011
01011011001111010011110101011011
01011111001111010011100101011011
01011001101111010011111111011011
01011111101111010011100111011011
01010101111111010011001110011011
10110011001100110010101010101010
11111011001100110011011111111111
01011010101100110011110011010101
10110110101100110010111100101010
11111010101100110011011001111111
11111001101100110011010101111111
01011001101100110011111111010101
01011101101100110011101111010101
01011011101100110011110111010101
11110111101100110011101101111111
10110110011100110010111111101010
11111001011100110011010110111111
10110011011100110010101011101010
11111011011100110011011110111111
11110011011100110011111110111111
10110010111100110010101101101010
10101100111100110011010101101010
10101111011100110011011011101010
10101110111100110011011101101010
01011001111100110011111110010101
11110011111100110011111100111111
01011011111100110011110110010101
11100111111100110010101100111111
11110111111100110011101100111111
01011010110010110011110010101101
10101111111100110011011001101010
01011101110010110011101110101101
01011111110010110011100110101101
10110111001010110010111010110010
11100111001010110010101111100111
01011100101010110011101011001101
11110111001010110011101111100111
01011101101010110011101111001101
01011011101010110011110111001101
10101110011010110011011111110010
10101110111010110011011101110010
01011101100110110011101111111101
10110110111010110010111101110010
11111011100110110011011101010111
11100111100110110010101101010111
01011101010110110011101100111101
01011101110110110011101110111101
11110111001110110011101111110111
11110011101110110011111101110111
11111011101110110011011101110111
11111001011110110011010110110111
10110110111001110010111101111110
11110011111001110011111100101011
10110111111001110010111001111110
11110111001101110011101111111011
10101111001101110011011010101110
11110010101101110011111001111011
10110110101101110010111100101110
11110011101101110011111101111011
11111001011101110011010110111011
11100111101101110010101101111011
11110011011101110011111110111011
11100111011101110010101110111011
10101111011101110011011011101110
10101111001011110011011010110110
11110011111101110011111100111011
10110111011011110010111011110110
