Summary of sequences of small complexity=18 which DO NOT yield debruijn sequences:
Total number of sequences in this file: 2791
00000000000000000101010101010101
00000000000000011010101010101011
00000000000000100101010101010111
00000000000000111010101010101001
00000000000001000101010101010001
00000000000001011010101010101111
00000000000001100101010101010011
00000000000001111010101010101101
00000000000010000101010101011101
00000000000010011010101010100011
00000000000010100101010101011111
00000000000010111010101010100001
00000000000011000101010101011001
00000000000011011010101010100111
00000000000011100101010101011011
00000000000011111010101010100101
00000000000100000101010101000101
00000000000100011010101010111011
00000000000100100101010101000111
00000000000100111010101010111001
00000000000101000101010101000001
00000000000101011010101010111111
00000000000101100101010101000011
00000000000101111010101010111101
00000000000110000101010101001101
00000000000110011010101010110011
00000000000110100101010101001111
00000000000110111010101010110001
00000000000111000101010101001001
00000000000111011010101010110111
00000000000111100101010101001011
00000000000111111010101010110101
00000000001000000101010101110101
00000000001000011010101010001011
00000000001000100101010101110111
00000000001000111010101010001001
00000000001001000101010101110001
00000000001001011010101010001111
00000000001001100101010101110011
00000000001001111010101010001101
00000000001010000101010101111101
00000000001010011010101010000011
00000000001010100101010101111111
00000000001010111010101010000001
00000000001011000101010101111001
00000000001011011010101010000111
00000000001011100101010101111011
00000000001011111010101010000101
00000000001100000101010101100101
00000000001100011010101010011011
00000000001100100101010101100111
00000000001100111010101010011001
00000000001101000101010101100001
00000000001101011010101010011111
00000000001101100101010101100011
00000000001101111010101010011101
00000000001110000101010101101101
00000000001110011010101010010011
00000000001110100101010101101111
00000000001110111010101010010001
00000000001111000101010101101001
00000000001111011010101010010111
00000000001111100101010101101011
00000000001111111010101010010101
00000000010000000101010100010101
00000000010000011010101011101011
00000000010000100101010100010111
00000000010000111010101011101001
00000000010001000101010100010001
00000000010001011010101011101111
00000000010001100101010100010011
00000000010001111010101011101101
00000000010010000101010100011101
00000000010010011010101011100011
00000000010010100101010100011111
00000000010010111010101011100001
00000000010011000101010100011001
00000000010011011010101011100111
00000000010011100101010100011011
00000000010011111010101011100101
00000000010100000101010100000101
00000000010100011010101011111011
00000000010100100101010100000111
00000000010100111010101011111001
00000000010101000101010100000001
00000000010101011010101011111111
00000000010101100101010100000011
00000000010101111010101011111101
00000000010110000101010100001101
00000000010110011010101011110011
00000000010110100101010100001111
00000000010110111010101011110001
00000000010111000101010100001001
00000000010111011010101011110111
00000000010111100101010100001011
00000000010111111010101011110101
00000000011000000101010100110101
00000000011000011010101011001011
00000000011000100101010100110111
00000000011000111010101011001001
00000000011001000101010100110001
00000000011001011010101011001111
00000000011001100101010100110011
00000000011001111010101011001101
00000000011010000101010100111101
00000000011010011010101011000011
00000000011010100101010100111111
00000000011010111010101011000001
00000000011011000101010100111001
00000000011011011010101011000111
00000000011011100101010100111011
00000000011011111010101011000101
00000000011100000101010100100101
00000000011100011010101011011011
00000000011100100101010100100111
00000000011100111010101011011001
00000000011101000101010100100001
00000000011101011010101011011111
00000000011101100101010100100011
00000000011101111010101011011101
00000000011110000101010100101101
00000000011110011010101011010011
00000000011110100101010100101111
00000000011110111010101011010001
00000000011111000101010100101001
00000000011111011010101011010111
00000000011111100101010100101011
00000000011111111010101011010101
00000000100000000101010111010101
00000000100000011010101000101011
00000000100000100101010111010111
00000000100000111010101000101001
00000000100001000101010111010001
00000000100001011010101000101111
00000000100001100101010111010011
00000000100001111010101000101101
00000000100010000101010111011101
00000000100010011010101000100011
00000000100010100101010111011111
00000000100010111010101000100001
00000000100011000101010111011001
00000000100011011010101000100111
00000000100011100101010111011011
00000000100011111010101000100101
00000000100100000101010111000101
00000000100100011010101000111011
00000000100100100101010111000111
00000000100100111010101000111001
00000000100101000101010111000001
00000000100101011010101000111111
00000000100101100101010111000011
00000000100101111010101000111101
00000000100110000101010111001101
00000000100110011010101000110011
00000000100110100101010111001111
00000000100110111010101000110001
00000000100111000101010111001001
00000000100111011010101000110111
00000000100111100101010111001011
00000000100111111010101000110101
00000000101000000101010111110101
00000000101000011010101000001011
00000000101000100101010111110111
00000000101000111010101000001001
00000000101001000101010111110001
00000000101001011010101000001111
00000000101001100101010111110011
00000000101001111010101000001101
00000000101010000101010111111101
00000000101010011010101000000011
00000000101010100101010111111111
00000000101011000101010111111001
00000000101011011010101000000111
00000000101011100101010111111011
00000000101011111010101000000101
00000000101100000101010111100101
00000000101100011010101000011011
00000000101100100101010111100111
00000000101100111010101000011001
00000000101101000101010111100001
00000000101101011010101000011111
00000000101101100101010111100011
00000000101101111010101000011101
00000000101110000101010111101101
00000000101110011010101000010011
00000000101110100101010111101111
00000000101110111010101000010001
00000000101111000101010111101001
00000000101111011010101000010111
00000000101111100101010111101011
00000000101111111010101000010101
00000000110000000101010110010101
00000000110000011010101001101011
00000000110000100101010110010111
00000000110000111010101001101001
00000000110001000101010110010001
00000000110001011010101001101111
00000000110001100101010110010011
00000000110001111010101001101101
00000000110010000101010110011101
00000000110010011010101001100011
00000000110010100101010110011111
00000000110010111010101001100001
00000000110011000101010110011001
00000000110011011010101001100111
00000000110011100101010110011011
00000000110011111010101001100101
00000000110100000101010110000101
00000000110100011010101001111011
00000000110100100101010110000111
00000000110100111010101001111001
00000000110101000101010110000001
00000000110101011010101001111111
00000000110101100101010110000011
00000000110101111010101001111101
00000000110110000101010110001101
00000000110110011010101001110011
00000000110110100101010110001111
00000000110110111010101001110001
00000000110111000101010110001001
00000000110111011010101001110111
00000000110111100101010110001011
00000000110111111010101001110101
00000000111000000101010110110101
00000000111000011010101001001011
00000000111000100101010110110111
00000000111000111010101001001001
00000000111001000101010110110001
00000000111001011010101001001111
00000000111001100101010110110011
00000000111001111010101001001101
00000000111010000101010110111101
00000000111010011010101001000011
00000000111010100101010110111111
00000000111010111010101001000001
00000000111011000101010110111001
00000000111011011010101001000111
00000000111011100101010110111011
00000000111011111010101001000101
00000000111100000101010110100101
00000000111100011010101001011011
00000000111100100101010110100111
00000000111100111010101001011001
00000000111101000101010110100001
00000000111101011010101001011111
00000000111101100101010110100011
00000000111101111010101001011101
00000000111110000101010110101101
00000000111110011010101001010011
00000000111110100101010110101111
00000000111110111010101001010001
00000000111111000101010110101001
00000000111111011010101001010111
00000000111111100101010110101011
00000000111111111010101001010101
00000001000000011010101110101011
00000001000000100101010001010111
00000001000000111010101110101001
00000001000001000101010001010001
00000001000001011010101110101111
00000001000001100101010001010011
00000001000001111010101110101101
00000001000010000101010001011101
00000001000010011010101110100011
00000001000010100101010001011111
00000001000010111010101110100001
00000001000011000101010001011001
00000001000011011010101110100111
00000001000011100101010001011011
00000001000011111010101110100101
00000001000100000101010001000101
00000001000100011010101110111011
00000001000100100101010001000111
00000001000100111010101110111001
00000001000101000101010001000001
00000001000101011010101110111111
00000001000101100101010001000011
00000001000101111010101110111101
00000001000110000101010001001101
00000001000110011010101110110011
00000001000110100101010001001111
00000001000110111010101110110001
00000001000111000101010001001001
00000001000111011010101110110111
00000001000111100101010001001011
00000001000111111010101110110101
00000001001000000101010001110101
00000001001000011010101110001011
00000001001000100101010001110111
00000001001000111010101110001001
00000001001001000101010001110001
00000001001001011010101110001111
00000001001001100101010001110011
00000001001001111010101110001101
00000001001010000101010001111101
00000001001010011010101110000011
00000001001010100101010001111111
00000001001010111010101110000001
00000001001011000101010001111001
00000001001011011010101110000111
00000001001011100101010001111011
00000001001011111010101110000101
00000001001100000101010001100101
00000001001100011010101110011011
00000001001100100101010001100111
00000001001100111010101110011001
00000001001101000101010001100001
00000001001101011010101110011111
00000001001101100101010001100011
00000001001101111010101110011101
00000001001110000101010001101101
00000001001110011010101110010011
00000001001110100101010001101111
00000001001110111010101110010001
00000001001111000101010001101001
00000001001111011010101110010111
00000001001111100101010001101011
00000001001111111010101110010101
00000001010000000101010000010101
00000001010000011010101111101011
00000001010000100101010000010111
00000001010000111010101111101001
00000001010001000101010000010001
00000001010001011010101111101111
00000001010001100101010000010011
00000001010001111010101111101101
00000001010010000101010000011101
00000001010010011010101111100011
00000001010010100101010000011111
00000001010010111010101111100001
00000001010011000101010000011001
00000001010011011010101111100111
00000001010011100101010000011011
00000001010011111010101111100101
00000001010100011010101111111011
00000001010100100101010000000111
00000001010100111010101111111001
00000001010101011010101111111111
00000001010101111010101111111101
00000001010110000101010000001101
00000001010110011010101111110011
00000001010110100101010000001111
00000001010110111010101111110001
00000001010111000101010000001001
00000001010111011010101111110111
00000001010111100101010000001011
00000001010111111010101111110101
00000001011000000101010000110101
00000001011000011010101111001011
00000001011000100101010000110111
00000001011000111010101111001001
00000001011001000101010000110001
00000001011001011010101111001111
00000001011001100101010000110011
00000001011001111010101111001101
00000001011010000101010000111101
00000001011010011010101111000011
00000001011010100101010000111111
00000001011010111010101111000001
00000001011011000101010000111001
00000001011011011010101111000111
00000001011011100101010000111011
00000001011011111010101111000101
00000001011100000101010000100101
00000001011100011010101111011011
00000001011100100101010000100111
00000001011100111010101111011001
00000001011101000101010000100001
00000001011101011010101111011111
00000001011101100101010000100011
00000001011101111010101111011101
00000001011110000101010000101101
00000001011110011010101111010011
00000001011110100101010000101111
00000001011110111010101111010001
00000001011111000101010000101001
00000001011111011010101111010111
00000001011111100101010000101011
00000001011111111010101111010101
00000001100000011010101100101011
00000001100000100101010011010111
00000001100000111010101100101001
00000001100001000101010011010001
00000001100001011010101100101111
00000001100001100101010011010011
00000001100001111010101100101101
00000001100010000101010011011101
00000001100010011010101100100011
00000001100010100101010011011111
00000001100010111010101100100001
00000001100011000101010011011001
00000001100011011010101100100111
00000001100011100101010011011011
00000001100011111010101100100101
00000001100100000101010011000101
00000001100100011010101100111011
00000001100100100101010011000111
00000001100100111010101100111001
00000001100101000101010011000001
00000001100101011010101100111111
00000001100101100101010011000011
00000001100101111010101100111101
00000001100110000101010011001101
00000001100110011010101100110011
00000001100110100101010011001111
00000001100110111010101100110001
00000001100111000101010011001001
00000001100111011010101100110111
00000001100111100101010011001011
00000001100111111010101100110101
00000001101000000101010011110101
00000001101000011010101100001011
00000001101000100101010011110111
00000001101000111010101100001001
00000001101001000101010011110001
00000001101001011010101100001111
00000001101001100101010011110011
00000001101001111010101100001101
00000001101010000101010011111101
00000001101010011010101100000011
00000001101010100101010011111111
00000001101011000101010011111001
00000001101011011010101100000111
00000001101011100101010011111011
00000001101011111010101100000101
00000001101100000101010011100101
00000001101100011010101100011011
00000001101100100101010011100111
00000001101100111010101100011001
00000001101101000101010011100001
00000001101101011010101100011111
00000001101101100101010011100011
00000001101101111010101100011101
00000001101110000101010011101101
00000001101110011010101100010011
00000001101110100101010011101111
00000001101110111010101100010001
00000001101111000101010011101001
00000001101111011010101100010111
00000001101111100101010011101011
00000001101111111010101100010101
00000001110000011010101101101011
00000001110000100101010010010111
00000001110000111010101101101001
00000001110001000101010010010001
00000001110001011010101101101111
00000001110001100101010010010011
00000001110001111010101101101101
00000001110010000101010010011101
00000001110010011010101101100011
00000001110010100101010010011111
00000001110010111010101101100001
00000001110011000101010010011001
00000001110011011010101101100111
00000001110011100101010010011011
00000001110011111010101101100101
00000001110100000101010010000101
00000001110100011010101101111011
00000001110100100101010010000111
00000001110100111010101101111001
00000001110101000101010010000001
00000001110101011010101101111111
00000001110101100101010010000011
00000001110101111010101101111101
00000001110110000101010010001101
00000001110110011010101101110011
00000001110110100101010010001111
00000001110110111010101101110001
00000001110111000101010010001001
00000001110111011010101101110111
00000001110111100101010010001011
00000001110111111010101101110101
00000001111000000101010010110101
00000001111000011010101101001011
00000001111000100101010010110111
00000001111000111010101101001001
00000001111001000101010010110001
00000001111001011010101101001111
00000001111001100101010010110011
00000001111001111010101101001101
00000001111010000101010010111101
00000001111010011010101101000011
00000001111010100101010010111111
00000001111010111010101101000001
00000001111011000101010010111001
00000001111011011010101101000111
00000001111011100101010010111011
00000001111011111010101101000101
00000001111100000101010010100101
00000001111100011010101101011011
00000001111100100101010010100111
00000001111100111010101101011001
00000001111101000101010010100001
00000001111101011010101101011111
00000001111101100101010010100011
00000001111101111010101101011101
00000001111110000101010010101101
00000001111110011010101101010011
00000001111110100101010010101111
00000001111110111010101101010001
00000001111111000101010010101001
00000001111111011010101101010111
00000001111111100101010010101011
00000001111111111010101101010101
00000010000011000101011101011001
00000010000011100101011101011011
00000010000011111010100010100101
00000010000100000101011101000101
00000010000100011010100010111011
00000010000110000101011101001101
00000010000111000101011101001001
00000010000111011010100010110111
00000010001000011010100010001011
00000010001010100101011101111111
00000010001011011010100010000111
00000010001100000101011101100101
00000010001100011010100010011011
00000010001111011010100010010111
00000010001111100101011101101011
00000010001111111010100010010101
00000010010000100101011100010111
00000010010000111010100011101001
00000010010001011010100011101111
00000010010010100101011100011111
00000010010010111010100011100001
00000010010101100101011100000011
00000010010101111010100011111101
00000010010110000101011100001101
00000010010110100101011100001111
00000010010111000101011100001001
00000010011001100101011100110011
00000010011010111010100011000001
00000010100001100101011111010011
00000010100010111010100000100001
00000010100100011010100000111011
00000010100101000101011111000001
00000010100101100101011111000011
00000010100110011010100000110011
00000010100110111010100000110001
00000010101000100101011111110111
00000010101001000101011111110001
00000010101001100101011111110011
00000010101010000101011111111101
00000010101010100101011111111111
00000010101011100101011111111011
00000010101100011010100000011011
00000010110000111010100001101001
00000010110001011010100001101111
00000010110010000101011110011101
00000010110010111010100001100001
00000010110101111010100001111101
00000010111001111010100001001101
00000010111010011010100001000011
00000010111100100101011110100111
00000010111110000101011110101101
00000010111110100101011110101111
00000010111111000101011110101001
00000010111111100101011110101011
00000010111111111010100001010101
00000011000000111010100110101001
00000011000001011010100110101111
00000011000001100101011001010011
00000011000010000101011001011101
00000011000011111010100110100101
00000011000110011010100110110011
00000011001000011010100110001011
00000011001010011010100110000011
00000011001011100101011001111011
00000011001011111010100110000101
00000011001100000101011001100101
00000011001100011010100110011011
00000011001100111010100110011001
00000011001101100101011001100011
00000011001111111010100110010101
00000011010000011010100111101011
00000011010001000101011000010001
00000011010001011010100111101111
00000011010001100101011000010011
00000011010101011010100111111111
00000011010101111010100111111101
00000011010110100101011000001111
00000011010110111010100111110001
00000011010111100101011000001011
00000011011001000101011000110001
00000011011001100101011000110011
00000011011010100101011000111111
00000011011010111010100111000001
00000011011100000101011000100101
00000011011100100101011000100111
00000011011101000101011000100001
00000011011110011010100111010011
00000011011111011010100111010111
00000011011111111010100111010101
00000011100001000101011011010001
00000011100001011010100100101111
00000011100011011010100100100111
00000011100100011010100100111011
00000011100100100101011011000111
00000011100101111010100100111101
00000011100110100101011011001111
00000011101000111010100100001001
00000011101001000101011011110001
00000011101011100101011011111011
00000011101101000101011011100001
00000011101111111010100100010101
00000011110000011010100101101011
00000011110000111010100101101001
00000011110001011010100101101111
00000011110011011010100101100111
00000011110100100101011010000111
00000011110101011010100101111111
00000011110101100101011010000011
00000011110101111010100101111101
00000011110110000101011010001101
00000011110110100101011010001111
00000011110111000101011010001001
00000011110111100101011010001011
00000011111000111010100101001001
00000011111100011010100101011011
00000011111110100101011010101111
00000011111110111010100101010001
00000011111111100101011010101011
00000011111111111010100101010101
00000100000100000101000101000101
00000100000100111010111010111001
00000100000101100101000101000011
00000100000101111010111010111101
00000100000110000101000101001101
00000100000111011010111010110111
00000100001000011010111010001011
00000100001000100101000101110111
00000100001000111010111010001001
00000100001001000101000101110001
00000100001001011010111010001111
00000100001001100101000101110011
00000100001001111010111010001101
00000100001011000101000101111001
00000100001011100101000101111011
00000100001100000101000101100101
00000100001100011010111010011011
00000100001101000101000101100001
00000100001101011010111010011111
00000100001101100101000101100011
00000100001101111010111010011101
00000100001110000101000101101101
00000100001110011010111010010011
00000100001110100101000101101111
00000100001111000101000101101001
00000100001111011010111010010111
00000100001111100101000101101011
00000100001111111010111010010101
00000100010000011010111011101011
00000100010000100101000100010111
00000100010000111010111011101001
00000100010010000101000100011101
00000100010010011010111011100011
00000100010010100101000100011111
00000100010011000101000100011001
00000100010011011010111011100111
00000100010100011010111011111011
00000100010100100101000100000111
00000100010101011010111011111111
00000100010101111010111011111101
00000100010110000101000100001101
00000100010110011010111011110011
00000100010110100101000100001111
00000100010110111010111011110001
00000100010111100101000100001011
00000100010111111010111011110101
00000100011000100101000100110111
00000100011001000101000100110001
00000100011001011010111011001111
00000100011001111010111011001101
00000100011010000101000100111101
00000100011011000101000100111001
00000100011011100101000100111011
00000100011100000101000100100101
00000100011100011010111011011011
00000100011100100101000100100111
00000100011100111010111011011001
00000100011101000101000100100001
00000100011101100101000100100011
00000100011101111010111011011101
00000100011110000101000100101101
00000100011110100101000100101111
00000100011110111010111011010001
00000100011111100101000100101011
00000100011111111010111011010101
00000100100000100101000111010111
00000100100000111010111000101001
00000100100001011010111000101111
00000100100001100101000111010011
00000100100001111010111000101101
00000100100010000101000111011101
00000100100010011010111000100011
00000100100010111010111000100001
00000100100011000101000111011001
00000100100011011010111000100111
00000100100100000101000111000101
00000100100100011010111000111011
00000100100101011010111000111111
00000100100101111010111000111101
00000100100110011010111000110011
00000100100110100101000111001111
00000100100111100101000111001011
00000100101000100101000111110111
00000100101001100101000111110011
00000100101001111010111000001101
00000100101010000101000111111101
00000100101010100101000111111111
00000100101011000101000111111001
00000100101100000101000111100101
00000100101100011010111000011011
00000100101101000101000111100001
00000100101101011010111000011111
00000100101101100101000111100011
00000100101101111010111000011101
00000100101110000101000111101101
00000100101110100101000111101111
00000100101110111010111000010001
00000100101111000101000111101001
00000100101111011010111000010111
00000100101111111010111000010101
00000100110000011010111001101011
00000100110000100101000110010111
00000100110001000101000110010001
00000100110001011010111001101111
00000100110001111010111001101101
00000100110010000101000110011101
00000100110010011010111001100011
00000100110010100101000110011111
00000100110011000101000110011001
00000100110011011010111001100111
00000100110011100101000110011011
00000100110011111010111001100101
00000100110100000101000110000101
00000100110100011010111001111011
00000100110100111010111001111001
00000100110101011010111001111111
00000100110101100101000110000011
00000100110110000101000110001101
00000100110110011010111001110011
00000100110110100101000110001111
00000100110110111010111001110001
00000100110111000101000110001001
00000100110111100101000110001011
00000100110111111010111001110101
00000100111000011010111001001011
00000100111001000101000110110001
00000100111001011010111001001111
00000100111010000101000110111101
00000100111010011010111001000011
00000100111011000101000110111001
00000100111011011010111001000111
00000100111011100101000110111011
00000100111011111010111001000101
00000100111100000101000110100101
00000100111100011010111001011011
00000100111100100101000110100111
00000100111100111010111001011001
00000100111101000101000110100001
00000100111110000101000110101101
00000100111110011010111001010011
00000100111110100101000110101111
00000100111111000101000110101001
00000100111111100101000110101011
00000101000001100101000001010011
00000101000010011010111110100011
00000101000010100101000001011111
00000101000011000101000001011001
00000101000011011010111110100111
00000101000011100101000001011011
00000101000011111010111110100101
00000101000100011010111110111011
00000101000100111010111110111001
00000101000101011010111110111111
00000101000101111010111110111101
00000101000110011010111110110011
00000101000111011010111110110111
00000101000111111010111110110101
00000101001000100101000001110111
00000101001001000101000001110001
00000101001001011010111110001111
00000101001001111010111110001101
00000101001010000101000001111101
00000101001010011010111110000011
00000101001010100101000001111111
00000101001011000101000001111001
00000101001011011010111110000111
00000101001011100101000001111011
00000101001011111010111110000101
00000101001100011010111110011011
00000101001100111010111110011001
00000101001101000101000001100001
00000101001101011010111110011111
00000101001101100101000001100011
00000101001110000101000001101101
00000101001110011010111110010011
00000101001110100101000001101111
00000101001111000101000001101001
00000101001111111010111110010101
00000101010000011010111111101011
00000101010000111010111111101001
00000101010001011010111111101111
00000101010001111010111111101101
00000101010010011010111111100011
00000101010010111010111111100001
00000101010011011010111111100111
00000101010011111010111111100101
00000101010110011010111111110011
00000101010110111010111111110001
00000101010111111010111111110101
00000101011000011010111111001011
00000101011001011010111111001111
00000101011011011010111111000111
00000101011011111010111111000101
00000101011100011010111111011011
00000101011100111010111111011001
00000101011101011010111111011111
00000101011101111010111111011101
00000101011110111010111111010001
00000101011111111010111111010101
00000101100000111010111100101001
00000101100001000101000011010001
00000101100001011010111100101111
00000101100001100101000011010011
00000101100001111010111100101101
00000101100010000101000011011101
00000101100010100101000011011111
00000101100010111010111100100001
00000101100011000101000011011001
00000101100011011010111100100111
00000101100011100101000011011011
00000101100011111010111100100101
00000101100100100101000011000111
00000101100101011010111100111111
00000101100101100101000011000011
00000101100110000101000011001101
00000101100110111010111100110001
00000101100111011010111100110111
00000101101000011010111100001011
00000101101000100101000011110111
00000101101000111010111100001001
00000101101001000101000011110001
00000101101001100101000011110011
00000101101001111010111100001101
00000101101010100101000011111111
00000101101011000101000011111001
00000101101011100101000011111011
00000101101100011010111100011011
00000101101100100101000011100111
00000101101100111010111100011001
00000101101101000101000011100001
00000101101101011010111100011111
00000101101101100101000011100011
00000101101110000101000011101101
00000101101110011010111100010011
00000101101110100101000011101111
00000101101111000101000011101001
00000101101111011010111100010111
00000101101111100101000011101011
00000101101111111010111100010101
00000101110000011010111101101011
00000101110000111010111101101001
00000101110001000101000010010001
00000101110001011010111101101111
00000101110001100101000010010011
00000101110010000101000010011101
00000101110010100101000010011111
00000101110010111010111101100001
00000101110011000101000010011001
00000101110011100101000010011011
00000101110100100101000010000111
00000101110101111010111101111101
00000101110110000101000010001101
00000101110110111010111101110001
00000101110111000101000010001001
00000101110111100101000010001011
00000101110111111010111101110101
00000101111000011010111101001011
00000101111000111010111101001001
00000101111001000101000010110001
00000101111001011010111101001111
00000101111001100101000010110011
00000101111010000101000010111101
00000101111011000101000010111001
00000101111011011010111101000111
00000101111011100101000010111011
00000101111011111010111101000101
00000101111100100101000010100111
00000101111101011010111101011111
00000101111101111010111101011101
00000101111110111010111101010001
00000101111111000101000010101001
00000110000011000101001101011001
00000110000011011010110010100111
00000110000011100101001101011011
00000110000011111010110010100101
00000110000100100101001101000111
00000110000100111010110010111001
00000110000101011010110010111111
00000110000101100101001101000011
00000110000110000101001101001101
00000110000110011010110010110011
00000110000110100101001101001111
00000110000111011010110010110111
00000110000111100101001101001011
00000110001000100101001101110111
00000110001000111010110010001001
00000110001001000101001101110001
00000110001001011010110010001111
00000110001010100101001101111111
00000110001011111010110010000101
00000110001100011010110010011011
00000110001100100101001101100111
00000110001100111010110010011001
00000110001101000101001101100001
00000110001110000101001101101101
00000110001110011010110010010011
00000110001110100101001101101111
00000110001110111010110010010001
00000110001111000101001101101001
00000110001111011010110010010111
00000110001111100101001101101011
00000110001111111010110010010101
00000110010000011010110011101011
00000110010000100101001100010111
00000110010001100101001100010011
00000110010001111010110011101101
00000110010010000101001100011101
00000110010010011010110011100011
00000110010010100101001100011111
00000110010010111010110011100001
00000110010011011010110011100111
00000110010011100101001100011011
00000110010011111010110011100101
00000110010100011010110011111011
00000110010100100101001100000111
00000110010100111010110011111001
00000110010101011010110011111111
00000110010110000101001100001101
00000110010110100101001100001111
00000110010111000101001100001001
00000110010111011010110011110111
00000110011000011010110011001011
00000110011000100101001100110111
00000110011000111010110011001001
00000110011001011010110011001111
00000110011001100101001100110011
00000110011010000101001100111101
00000110011010011010110011000011
00000110011010100101001100111111
00000110011011011010110011000111
00000110011011111010110011000101
00000110011100100101001100100111
00000110011100111010110011011001
00000110011101000101001100100001
00000110011101011010110011011111
00000110011110000101001100101101
00000110011110100101001100101111
00000110011110111010110011010001
00000110011111000101001100101001
00000110011111011010110011010111
00000110011111111010110011010101
00000110100001000101001111010001
00000110100001111010110000101101
00000110100010000101001111011101
00000110100010100101001111011111
00000110100010111010110000100001
00000110100011000101001111011001
00000110100100011010110000111011
00000110100100111010110000111001
00000110100101011010110000111111
00000110100101100101001111000011
00000110100101111010110000111101
00000110100110011010110000110011
00000110100111000101001111001001
00000110100111011010110000110111
00000110100111111010110000110101
00000110101000100101001111110111
00000110101001000101001111110001
00000110101011000101001111111001
00000110101011100101001111111011
00000110101100100101001111100111
00000110101101000101001111100001
00000110101101011010110000011111
00000110101101100101001111100011
00000110101101111010110000011101
00000110101110000101001111101101
00000110101111100101001111101011
00000110110000100101001110010111
00000110110000111010110001101001
00000110110001100101001110010011
00000110110001111010110001101101
00000110110010000101001110011101
00000110110010011010110001100011
00000110110010100101001110011111
00000110110010111010110001100001
00000110110011000101001110011001
00000110110011011010110001100111
00000110110011100101001110011011
00000110110011111010110001100101
00000110110100011010110001111011
00000110110100100101001110000111
00000110110100111010110001111001
00000110110101011010110001111111
00000110110110000101001110001101
00000110110110100101001110001111
00000110110110111010110001110001
00000110110111011010110001110111
00000110110111111010110001110101
00000110111000011010110001001011
00000110111000100101001110110111
00000110111000111010110001001001
00000110111001000101001110110001
00000110111001011010110001001111
00000110111010000101001110111101
00000110111011000101001110111001
00000110111011011010110001000111
00000110111011100101001110111011
00000110111011111010110001000101
00000110111100011010110001011011
00000110111100100101001110100111
00000110111100111010110001011001
00000110111101000101001110100001
00000110111101011010110001011111
00000110111110000101001110101101
00000110111110011010110001010011
00000110111110100101001110101111
00000110111110111010110001010001
00000110111111011010110001010111
00000110111111100101001110101011
00000111000010000101001001011101
00000111000010100101001001011111
00000111000011011010110110100111
00000111000011100101001001011011
00000111000011111010110110100101
00000111000100011010110110111011
00000111000100100101001001000111
00000111000100111010110110111001
00000111000101011010110110111111
00000111000101100101001001000011
00000111000101111010110110111101
00000111000110000101001001001101
00000111000110011010110110110011
00000111000110100101001001001111
00000111000111011010110110110111
00000111000111111010110110110101
00000111001000111010110110001001
00000111001001000101001001110001
00000111001001011010110110001111
00000111001001100101001001110011
00000111001001111010110110001101
00000111001010000101001001111101
00000111001011000101001001111001
00000111001011011010110110000111
00000111001011100101001001111011
00000111001011111010110110000101
00000111001100011010110110011011
00000111001100100101001001100111
00000111001100111010110110011001
00000111001101100101001001100011
00000111001110000101001001101101
00000111001110011010110110010011
00000111001110111010110110010001
00000111001111100101001001101011
00000111001111111010110110010101
00000111010000100101001000010111
00000111010000111010110111101001
00000111010001000101001000010001
00000111010001100101001000010011
00000111010001111010110111101101
00000111010010011010110111100011
00000111010010100101001000011111
00000111010010111010110111100001
00000111010011000101001000011001
00000111010011100101001000011011
00000111010100011010110111111011
00000111010101011010110111111111
00000111010110011010110111110011
00000111010111011010110111110111
00000111011000011010110111001011
00000111011000100101001000110111
00000111011001000101001000110001
00000111011001011010110111001111
00000111011001100101001000110011
00000111011001111010110111001101
00000111011010011010110111000011
00000111011010100101001000111111
00000111011011011010110111000111
00000111011011100101001000111011
00000111011011111010110111000101
00000111011100011010110111011011
00000111011101000101001000100001
00000111011101100101001000100011
00000111011110000101001000101101
00000111011110011010110111010011
00000111011111000101001000101001
00000111011111011010110111010111
00000111011111100101001000101011
00000111100001000101001011010001
00000111100001100101001011010011
00000111100010011010110100100011
00000111100010111010110100100001
00000111100011000101001011011001
00000111100011011010110100100111
00000111100011100101001011011011
00000111100011111010110100100101
00000111100100011010110100111011
00000111100100100101001011000111
00000111100100111010110100111001
00000111100101011010110100111111
00000111100101100101001011000011
00000111100101111010110100111101
00000111100110011010110100110011
00000111100110100101001011001111
00000111100110111010110100110001
00000111100111000101001011001001
00000111100111011010110100110111
00000111100111111010110100110101
00000111101000111010110100001001
00000111101001000101001011110001
00000111101001100101001011110011
00000111101001111010110100001101
00000111101010100101001011111111
00000111101011000101001011111001
00000111101011100101001011111011
00000111101100111010110100011001
00000111101101000101001011100001
00000111101101100101001011100011
00000111101101111010110100011101
00000111101110000101001011101101
00000111101111000101001011101001
00000111101111111010110100010101
00000111110000100101001010010111
00000111110000111010110101101001
00000111110001000101001010010001
00000111110001100101001010010011
00000111110001111010110101101101
00000111110010000101001010011101
00000111110010100101001010011111
00000111110010111010110101100001
00000111110011000101001010011001
00000111110011100101001010011011
00000111110011111010110101100101
00000111110100011010110101111011
00000111110100100101001010000111
00000111110101011010110101111111
00000111110101111010110101111101
00000111110110000101001010001101
00000111110110011010110101110011
00000111110111100101001010001011
00000111110111111010110101110101
00000111111000011010110101001011
00000111111000100101001010110111
00000111111000111010110101001001
00000111111001011010110101001111
00000111111001100101001010110011
00000111111001111010110101001101
00000111111010011010110101000011
00000111111010100101001010111111
00000111111011011010110101000111
00000111111011111010110101000101
00000111111100011010110101011011
00000111111100111010110101011001
00000111111101011010110101011111
00000111111101100101001010100011
00000111111110000101001010101101
00000111111110011010110101010011
00000111111110100101001010101111
00000111111110111010110101010001
00000111111111000101001010101001
00000111111111011010110101010111
00001000010001000101110100010001
00001000010001011010001011101111
00001000010010000101110100011101
00001000010010100101110100011111
00001000010011000101110100011001
00001000010011011010001011100111
00001000010011100101110100011011
00001000010100011010001011111011
00001000010101011010001011111111
00001000010101111010001011111101
00001000010110000101110100001101
00001000010110011010001011110011
00001000010111000101110100001001
00001000010111100101110100001011
00001000010111111010001011110101
00001000011000011010001011001011
00001000011000100101110100110111
00001000011001100101110100110011
00001000011001111010001011001101
00001000011010000101110100111101
00001000011010011010001011000011
00001000011010100101110100111111
00001000011011000101110100111001
00001000011011011010001011000111
00001000011011100101110100111011
00001000011011111010001011000101
00001000011100011010001011011011
00001000011100100101110100100111
00001000011100111010001011011001
00001000011101011010001011011111
00001000011101100101110100100011
00001000011110100101110100101111
00001000011110111010001011010001
00001000011111000101110100101001
00001000011111011010001011010111
00001000011111100101110100101011
00001000011111111010001011010101
00001000100001000101110111010001
00001000100001011010001000101111
00001000100001100101110111010011
00001000100001111010001000101101
00001000100010000101110111011101
00001000100010011010001000100011
00001000100011011010001000100111
00001000100011100101110111011011
00001000100011111010001000100101
00001000100100011010001000111011
00001000100100100101110111000111
00001000100100111010001000111001
00001000100101100101110111000011
00001000100101111010001000111101
00001000100110000101110111001101
00001000100110011010001000110011
00001000100110111010001000110001
00001000100111000101110111001001
00001000100111100101110111001011
00001000101001000101110111110001
00001000101010000101110111111101
00001000101010100101110111111111
00001000101100011010001000011011
00001000101101011010001000011111
00001000101101100101110111100011
00001000101110000101110111101101
00001000101110100101110111101111
00001000101111000101110111101001
00001000101111100101110111101011
00001000101111111010001000010101
00001000110001000101110110010001
00001000110001100101110110010011
00001000110001111010001001101101
00001000110010011010001001100011
00001000110011000101110110011001
00001000110011011010001001100111
00001000110011100101110110011011
00001000110011111010001001100101
00001000110100011010001001111011
00001000110100100101110110000111
00001000110100111010001001111001
00001000110101011010001001111111
00001000110101111010001001111101
00001000110110100101110110001111
00001000110111111010001001110101
00001000111000011010001001001011
00001000111000111010001001001001
00001000111001011010001001001111
00001000111010000101110110111101
00001000111010011010001001000011
00001000111010100101110110111111
00001000111011000101110110111001
00001000111011011010001001000111
00001000111011100101110110111011
00001000111011111010001001000101
00001000111100100101110110100111
00001000111101011010001001011111
00001000111101100101110110100011
00001000111101111010001001011101
00001000111110000101110110101101
00001000111110011010001001010011
00001000111110111010001001010001
00001000111111000101110110101001
00001000111111100101110110101011
00001000111111111010001001010101
00001001000010100101110001011111
00001001000011111010001110100101
00001001000100100101110001000111
00001001000100111010001110111001
00001001000101100101110001000011
00001001000101111010001110111101
00001001000110100101110001001111
00001001000111000101110001001001
00001001000111011010001110110111
00001001001000011010001110001011
00001001001000111010001110001001
00001001001001000101110001110001
00001001001001111010001110001101
00001001001010100101110001111111
00001001001011000101110001111001
00001001001011011010001110000111
00001001001011100101110001111011
00001001001011111010001110000101
00001001001100011010001110011011
00001001001100100101110001100111
00001001001100111010001110011001
00001001001101100101110001100011
00001001001101111010001110011101
00001001001110000101110001101101
00001001001110011010001110010011
00001001001110100101110001101111
00001001001110111010001110010001
00001001001111000101110001101001
00001001001111011010001110010111
00001001001111111010001110010101
00001001010000111010001111101001
00001001010001111010001111101101
00001001010010011010001111100011
00001001010011111010001111100101
00001001010100011010001111111011
00001001010101011010001111111111
00001001010101111010001111111101
00001001010110011010001111110011
00001001010110111010001111110001
00001001010111011010001111110111
00001001010111111010001111110101
00001001011000011010001111001011
00001001011000100101110000110111
00001001011000111010001111001001
00001001011001011010001111001111
00001001011010011010001111000011
00001001011010100101110000111111
00001001011011000101110000111001
00001001011011011010001111000111
00001001011011100101110000111011
00001001011011111010001111000101
00001001011100011010001111011011
00001001011100100101110000100111
00001001011100111010001111011001
00001001011110000101110000101101
00001001011110011010001111010011
00001001011110100101110000101111
00001001011110111010001111010001
00001001011111000101110000101001
00001001011111011010001111010111
00001001011111100101110000101011
00001001011111111010001111010101
00001001100001011010001100101111
00001001100001100101110011010011
00001001100001111010001100101101
00001001100010011010001100100011
00001001100010100101110011011111
00001001100011000101110011011001
00001001100011011010001100100111
00001001100011111010001100100101
00001001100100011010001100111011
00001001100100100101110011000111
00001001100101011010001100111111
00001001100101111010001100111101
00001001100110011010001100110011
00001001100110100101110011001111
00001001100110111010001100110001
00001001100111000101110011001001
00001001100111011010001100110111
00001001100111100101110011001011
00001001101000011010001100001011
00001001101000100101110011110111
00001001101001011010001100001111
00001001101010000101110011111101
00001001101010100101110011111111
00001001101011000101110011111001
00001001101011100101110011111011
00001001101100011010001100011011
00001001101100100101110011100111
00001001101100111010001100011001
00001001101101011010001100011111
00001001101101100101110011100011
00001001101101111010001100011101
00001001101110011010001100010011
00001001101110100101110011101111
00001001101111000101110011101001
00001001101111011010001100010111
00001001101111100101110011101011
00001001101111111010001100010101
00001001110000111010001101101001
00001001110001000101110010010001
00001001110001111010001101101101
00001001110010000101110010011101
00001001110010011010001101100011
00001001110011011010001101100111
00001001110011111010001101100101
00001001110100011010001101111011
00001001110100100101110010000111
00001001110100111010001101111001
00001001110101011010001101111111
00001001110110000101110010001101
00001001110110011010001101110011
00001001110110100101110010001111
00001001110110111010001101110001
00001001110111000101110010001001
00001001110111011010001101110111
00001001110111100101110010001011
00001001111000011010001101001011
00001001111000100101110010110111
00001001111000111010001101001001
00001001111001000101110010110001
00001001111001011010001101001111
00001001111001100101110010110011
00001001111001111010001101001101
00001001111010000101110010111101
00001001111010011010001101000011
00001001111010100101110010111111
00001001111011000101110010111001
00001001111011100101110010111011
00001001111011111010001101000101
00001001111100011010001101011011
00001001111100100101110010100111
00001001111100111010001101011001
00001001111101011010001101011111
00001001111101100101110010100011
00001001111101111010001101011101
00001001111110000101110010101101
00001001111111100101110010101011
00001010000101100101111101000011
00001010000110000101111101001101
00001010000111000101111101001001
00001010001000100101111101110111
00001010001001000101111101110001
00001010001001100101111101110011
00001010001010100101111101111111
00001010001011000101111101111001
00001010001011100101111101111011
00001010001101100101111101100011
00001010001111000101111101101001
00001010010001000101111100010001
00001010010001100101111100010011
00001010010010100101111100011111
00001010010011000101111100011001
00001010010011100101111100011011
00001010010110000101111100001101
00001010010110100101111100001111
00001010010111100101111100001011
00001010011000100101111100110111
00001010011001000101111100110001
00001010011010100101111100111111
00001010011011000101111100111001
00001010011011100101111100111011
00001010011100100101111100100111
00001010011101100101111100100011
00001010011110000101111100101101
00001010011111000101111100101001
00001010011111100101111100101011
00001010100001100101111111010011
00001010100010000101111111011101
00001010100010100101111111011111
00001010100011000101111111011001
00001010100011100101111111011011
00001010100101100101111111000011
00001010100110100101111111001111
00001010100111000101111111001001
00001010100111100101111111001011
00001010101000100101111111110111
00001010101001000101111111110001
00001010101001100101111111110011
00001010101010000101111111111101
00001010101010100101111111111111
00001010101110100101111111101111
00001010101111000101111111101001
00001010101111100101111111101011
00001010110001100101111110010011
00001010110010000101111110011101
00001010110010100101111110011111
00001010110100100101111110000111
00001010110110000101111110001101
00001010110110100101111110001111
00001010110111100101111110001011
00001010111000100101111110110111
00001010111001000101111110110001
00001010111001100101111110110011
00001010111010100101111110111111
00001010111011100101111110111011
00001010111100100101111110100111
00001010111110000101111110101101
00001010111110100101111110101111
00001010111111000101111110101001
00001010111111100101111110101011
00001011000011100101111001011011
00001011000011111010000110100101
00001011000100011010000110111011
00001011000100100101111001000111
00001011000100111010000110111001
00001011000101011010000110111111
00001011000101100101111001000011
00001011000101111010000110111101
00001011000110000101111001001101
00001011000110011010000110110011
00001011000110100101111001001111
00001011000111000101111001001001
00001011000111011010000110110111
00001011000111100101111001001011
00001011000111111010000110110101
00001011001000011010000110001011
00001011001001011010000110001111
00001011001001111010000110001101
00001011001010100101111001111111
00001011001011000101111001111001
00001011001011011010000110000111
00001011001011100101111001111011
00001011001100011010000110011011
00001011001100100101111001100111
00001011001101011010000110011111
00001011001101100101111001100011
00001011001101111010000110011101
00001011001110000101111001101101
00001011001110011010000110010011
00001011001110100101111001101111
00001011001110111010000110010001
00001011001111011010000110010111
00001011001111100101111001101011
00001011010000111010000111101001
00001011010001011010000111101111
00001011010001111010000111101101
00001011010010011010000111100011
00001011010010100101111000011111
00001011010011000101111000011001
00001011010011011010000111100111
00001011010011100101111000011011
00001011010011111010000111100101
00001011010100011010000111111011
00001011010100111010000111111001
00001011010101011010000111111111
00001011010101111010000111111101
00001011010110011010000111110011
00001011010110111010000111110001
00001011010111011010000111110111
00001011010111111010000111110101
00001011011000111010000111001001
00001011011001000101111000110001
00001011011001011010000111001111
00001011011001100101111000110011
00001011011001111010000111001101
00001011011010000101111000111101
00001011011010011010000111000011
00001011011010100101111000111111
00001011011011000101111000111001
00001011011011011010000111000111
00001011011011100101111000111011
00001011011100011010000111011011
00001011011101011010000111011111
00001011011101100101111000100011
00001011011110000101111000101101
00001011011110011010000111010011
00001011011110100101111000101111
00001011011110111010000111010001
00001011011111000101111000101001
00001011011111011010000111010111
00001011011111100101111000101011
00001011100001100101111011010011
00001011100010000101111011011101
00001011100011000101111011011001
00001011100110000101111011001101
00001011100110100101111011001111
00001011100111000101111011001001
00001011100111100101111011001011
00001011101000100101111011110111
00001011101001000101111011110001
00001011101001100101111011110011
00001011101010100101111011111111
00001011101011000101111011111001
00001011101011100101111011111011
00001011101100100101111011100111
00001011101111100101111011101011
00001011110001000101111010010001
00001011110010000101111010011101
00001011110010100101111010011111
00001011110011000101111010011001
00001011110011100101111010011011
00001011110100011010000101111011
00001011110100100101111010000111
00001011110101011010000101111111
00001011110101111010000101111101
00001011110110100101111010001111
00001011110111000101111010001001
00001011111001000101111010110001
00001011111010100101111010111111
00001011111011100101111010111011
00001011111100100101111010100111
00001011111101100101111010100011
00001011111111000101111010101001
00001011111111100101111010101011
00001100001100011010011010011011
00001100001101100101100101100011
00001100001110111010011010010001
00001100001111000101100101101001
00001100001111111010011010010101
00001100010001000101100100010001
00001100010001100101100100010011
00001100010001111010011011101101
00001100010010011010011011100011
00001100010010100101100100011111
00001100010011000101100100011001
00001100010011100101100100011011
00001100010011111010011011100101
00001100010100111010011011111001
00001100010101011010011011111111
00001100010101111010011011111101
00001100010110100101100100001111
00001100010110111010011011110001
00001100010111011010011011110111
00001100011000011010011011001011
00001100011000100101100100110111
00001100011000111010011011001001
00001100011001000101100100110001
00001100011001011010011011001111
00001100011001100101100100110011
00001100011001111010011011001101
00001100011010100101100100111111
00001100011011000101100100111001
00001100011011011010011011000111
00001100011011100101100100111011
00001100011011111010011011000101
00001100011100111010011011011001
00001100011101011010011011011111
00001100011101100101100100100011
00001100011110011010011011010011
00001100011110100101100100101111
00001100011110111010011011010001
00001100011111000101100100101001
00001100011111011010011011010111
00001100011111100101100100101011
00001100100001100101100111010011
00001100100001111010011000101101
00001100100010011010011000100011
00001100100011000101100111011001
00001100100011011010011000100111
00001100100011100101100111011011
00001100100011111010011000100101
00001100100100011010011000111011
00001100100100100101100111000111
00001100100101011010011000111111
00001100100110100101100111001111
00001100100110111010011000110001
00001100100111000101100111001001
00001100100111011010011000110111
00001100100111100101100111001011
00001100100111111010011000110101
00001100101000100101100111110111
00001100101001000101100111110001
00001100101001100101100111110011
00001100101011100101100111111011
00001100101101011010011000011111
00001100101101100101100111100011
00001100101101111010011000011101
00001100101110100101100111101111
00001100101111000101100111101001
00001100110001000101100110010001
00001100110001011010011001101111
00001100110001111010011001101101
00001100110010011010011001100011
00001100110010100101100110011111
00001100110011000101100110011001
00001100110100011010011001111011
00001100110100100101100110000111
00001100110100111010011001111001
00001100110110100101100110001111
00001100110111011010011001110111
00001100110111111010011001110101
00001100111000011010011001001011
00001100111000100101100110110111
00001100111001011010011001001111
00001100111011000101100110111001
00001100111011011010011001000111
00001100111011100101100110111011
00001100111011111010011001000101
00001100111100011010011001011011
00001100111100100101100110100111
00001100111101011010011001011111
00001100111101111010011001011101
00001100111110011010011001010011
00001100111110100101100110101111
00001100111111000101100110101001
00001100111111111010011001010101
00001101000011011010011110100111
00001101000011111010011110100101
00001101000100111010011110111001
00001101000101011010011110111111
00001101000111011010011110110111
00001101000111111010011110110101
00001101001000011010011110001011
00001101001000100101100001110111
00001101001001000101100001110001
00001101001001011010011110001111
00001101001001100101100001110011
00001101001001111010011110001101
00001101001010100101100001111111
00001101001011000101100001111001
00001101001011011010011110000111
00001101001011100101100001111011
00001101001100011010011110011011
00001101001100111010011110011001
00001101001101111010011110011101
00001101001110011010011110010011
00001101001110100101100001101111
00001101001110111010011110010001
00001101001111011010011110010111
00001101001111111010011110010101
00001101010000111010011111101001
00001101010001011010011111101111
00001101010001111010011111101101
00001101010010011010011111100011
00001101010011111010011111100101
00001101010100011010011111111011
00001101010100111010011111111001
00001101010101011010011111111111
00001101010101111010011111111101
00001101010110111010011111110001
00001101010111011010011111110111
00001101010111111010011111110101
00001101011001011010011111001111
00001101011001111010011111001101
00001101011011011010011111000111
00001101011100011010011111011011
00001101011100111010011111011001
00001101011101011010011111011111
00001101011101111010011111011101
00001101011110111010011111010001
00001101011111011010011111010111
00001101011111111010011111010101
00001101100001111010011100101101
00001101100010011010011100100011
00001101100010100101100011011111
00001101100011000101100011011001
00001101100011011010011100100111
00001101100011100101100011011011
00001101100011111010011100100101
00001101100100011010011100111011
00001101100100100101100011000111
00001101100101011010011100111111
00001101100101111010011100111101
00001101100110100101100011001111
00001101100110111010011100110001
00001101100111000101100011001001
00001101100111011010011100110111
00001101100111100101100011001011
00001101101000100101100011110111
00001101101001011010011100001111
00001101101001100101100011110011
00001101101011000101100011111001
00001101101011100101100011111011
00001101101100011010011100011011
00001101101101011010011100011111
00001101101110011010011100010011
00001101101110100101100011101111
00001101101110111010011100010001
00001101101111000101100011101001
00001101101111100101100011101011
00001101101111111010011100010101
00001101110000111010011101101001
00001101110001000101100010010001
00001101110001011010011101101111
00001101110001100101100010010011
00001101110001111010011101101101
00001101110010011010011101100011
00001101110010100101100010011111
00001101110011000101100010011001
00001101110011100101100010011011
00001101110011111010011101100101
00001101110100011010011101111011
00001101110100100101100010000111
00001101110100111010011101111001
00001101110101111010011101111101
00001101110110011010011101110011
00001101110110100101100010001111
00001101110110111010011101110001
00001101110111011010011101110111
00001101110111111010011101110101
00001101111000100101100010110111
00001101111000111010011101001001
00001101111001000101100010110001
00001101111001011010011101001111
00001101111001100101100010110011
00001101111001111010011101001101
00001101111011000101100010111001
00001101111011011010011101000111
00001101111011100101100010111011
00001101111011111010011101000101
00001101111100011010011101011011
00001101111100111010011101011001
00001101111101011010011101011111
00001101111101111010011101011101
00001101111110011010011101010011
00001101111111000101100010101001
00001101111111011010011101010111
00001101111111100101100010101011
00001110000111000101101101001001
00001110000111011010010010110111
00001110000111100101101101001011
00001110000111111010010010110101
00001110001000100101101101110111
00001110001000111010010010001001
00001110001001000101101101110001
00001110001001100101101101110011
00001110001001111010010010001101
00001110001011100101101101111011
00001110001100011010010010011011
00001110001100100101101101100111
00001110001100111010010010011001
00001110001101011010010010011111
00001110001101100101101101100011
00001110001110011010010010010011
00001110001110100101101101101111
00001110001110111010010010010001
00001110001111000101101101101001
00001110001111011010010010010111
00001110001111100101101101101011
00001110010000111010010011101001
00001110010001000101101100010001
00001110010001100101101100010011
00001110010011000101101100011001
00001110010011100101101100011011
00001110010011111010010011100101
00001110010100111010010011111001
00001110010101011010010011111111
00001110010101111010010011111101
00001110010110011010010011110011
00001110010110100101101100001111
00001110010110111010010011110001
00001110010111011010010011110111
00001110010111111010010011110101
00001110011000100101101100110111
00001110011000111010010011001001
00001110011001000101101100110001
00001110011001011010010011001111
00001110011001111010010011001101
00001110011010100101101100111111
00001110011011000101101100111001
00001110011011011010010011000111
00001110011100111010010011011001
00001110011101011010010011011111
00001110011101111010010011011101
00001110011110100101101100101111
00001110100010100101101111011111
00001110100011000101101111011001
00001110100100011010010000111011
00001110100100100101101111000111
00001110100101011010010000111111
00001110100101111010010000111101
00001110100110100101101111001111
00001110100111000101101111001001
00001110100111100101101111001011
00001110101010100101101111111111
00001110101011100101101111111011
00001110101101100101101111100011
00001110101110100101101111101111
00001110101111000101101111101001
00001110101111100101101111101011
00001110110001011010010001101111
00001110110001100101101110010011
00001110110010011010010001100011
00001110110010100101101110011111
00001110110011000101101110011001
00001110110011011010010001100111
00001110110011100101101110011011
00001110110011111010010001100101
00001110110100011010010001111011
00001110110100111010010001111001
00001110110101011010010001111111
00001110110110011010010001110011
00001110110110100101101110001111
00001110110111000101101110001001
00001110110111100101101110001011
00001110110111111010010001110101
00001110111001011010010001001111
00001110111001100101101110110011
00001110111011000101101110111001
00001110111011011010010001000111
00001110111011100101101110111011
00001110111011111010010001000101
00001110111100011010010001011011
00001110111100100101101110100111
00001110111100111010010001011001
00001110111101011010010001011111
00001110111101100101101110100011
00001110111101111010010001011101
00001110111110011010010001010011
00001110111110100101101110101111
00001110111111000101101110101001
00001110111111100101101110101011
00001110111111111010010001010101
00001111000011111010010110100101
00001111000100011010010110111011
00001111000100111010010110111001
00001111000101011010010110111111
00001111000101111010010110111101
00001111000110011010010110110011
00001111000110111010010110110001
00001111000111011010010110110111
00001111000111100101101001001011
00001111000111111010010110110101
00001111001000100101101001110111
00001111001000111010010110001001
00001111001001000101101001110001
00001111001001100101101001110011
00001111001001111010010110001101
00001111001010100101101001111111
00001111001011000101101001111001
00001111001011100101101001111011
00001111001100011010010110011011
00001111001100100101101001100111
00001111001100111010010110011001
00001111001101011010010110011111
00001111001101100101101001100011
00001111001101111010010110011101
00001111001110011010010110010011
00001111001110100101101001101111
00001111001111000101101001101001
00001111001111011010010110010111
00001111001111100101101001101011
00001111001111111010010110010101
00001111010001011010010111101111
00001111010001111010010111101101
00001111010010011010010111100011
00001111010010100101101000011111
00001111010011011010010111100111
00001111010101011010010111111111
00001111010110011010010111110011
00001111010111011010010111110111
00001111010111111010010111110101
00001111011000100101101000110111
00001111011000111010010111001001
00001111011001011010010111001111
00001111011001100101101000110011
00001111011001111010010111001101
00001111011010100101101000111111
00001111011011011010010111000111
00001111011011100101101000111011
00001111011100011010010111011011
00001111011100111010010111011001
00001111011110011010010111010011
00001111011110100101101000101111
00001111011110111010010111010001
00001111011111011010010111010111
00001111011111100101101000101011
00001111011111111010010111010101
00001111100010011010010100100011
00001111100011000101101011011001
00001111100011100101101011011011
00001111100011111010010100100101
00001111100100011010010100111011
00001111100100100101101011000111
00001111100101011010010100111111
00001111100101111010010100111101
00001111100110011010010100110011
00001111100110100101101011001111
00001111100111011010010100110111
00001111100111111010010100110101
00001111101000100101101011110111
00001111101001000101101011110001
00001111101001100101101011110011
00001111101011000101101011111001
00001111101011100101101011111011
00001111101100011010010100011011
00001111101100100101101011100111
00001111101100111010010100011001
00001111101101100101101011100011
00001111101111011010010100010111
00001111101111100101101011101011
00001111101111111010010100010101
00001111110001011010010101101111
00001111110001100101101010010011
00001111110001111010010101101101
00001111110010011010010101100011
00001111110010100101101010011111
00001111110011000101101010011001
00001111110011011010010101100111
00001111110011100101101010011011
00001111110011111010010101100101
00001111110100111010010101111001
00001111110101011010010101111111
00001111110101111010010101111101
00001111110110100101101010001111
00001111110110111010010101110001
00001111110111100101101010001011
00001111110111111010010101110101
00001111111000100101101010110111
00001111111000111010010101001001
00001111111001000101101010110001
00001111111001011010010101001111
00001111111001111010010101001101
00001111111010100101101010111111
00001111111011000101101010111001
00001111111011111010010101000101
00001111111100100101101010100111
00001111111100111010010101011001
00001111111101100101101010100011
00001111111101111010010101011101
00001111111110100101101010101111
00001111111110111010010101010001
00001111111111000101101010101001
00001111111111011010010101010111
00001111111111100101101010101011
00001111111111111010010101010101
00010001000100011011101110111011
00010001000100111011101110111001
00010001000101011011101110111111
00010001000101111011101110111101
00010001000110011011101110110011
00010001000110100100010001001111
00010001000111011011101110110111
00010001000111100100010001001011
00010001000111111011101110110101
00010001001000100100010001110111
00010001001000111011101110001001
00010001001001011011101110001111
00010001001001100100010001110011
00010001001011100100010001111011
00010001001100011011101110011011
00010001001100100100010001100111
00010001001100111011101110011001
00010001001101111011101110011101
00010001001110011011101110010011
00010001001110100100010001101111
00010001001111011011101110010111
00010001001111111011101110010101
00010001010001011011101111101111
00010001010001111011101111101101
00010001010010011011101111100011
00010001010011011011101111100111
00010001010011111011101111100101
00010001010100011011101111111011
00010001010100111011101111111001
00010001010101011011101111111111
00010001010101111011101111111101
00010001010110011011101111110011
00010001010111111011101111110101
00010001011001011011101111001111
00010001011001111011101111001101
00010001011011011011101111000111
00010001011011111011101111000101
00010001011100011011101111011011
00010001011100111011101111011001
00010001011101111011101111011101
00010001011110011011101111010011
00010001011111011011101111010111
00010001011111111011101111010101
00010001100010011011101100100011
00010001100010100100010011011111
00010001100011011011101100100111
00010001100011100100010011011011
00010001100011111011101100100101
00010001100100011011101100111011
00010001100100111011101100111001
00010001100101111011101100111101
00010001100110011011101100110011
00010001100110100100010011001111
00010001100111100100010011001011
00010001100111111011101100110101
00010001101000100100010011110111
00010001101001100100010011110011
00010001101010100100010011111111
00010001101011100100010011111011
00010001101100011011101100011011
00010001101100100100010011100111
00010001101100111011101100011001
00010001101101011011101100011111
00010001101101100100010011100011
00010001101101111011101100011101
00010001101110011011101100010011
00010001101111011011101100010111
00010001101111100100010011101011
00010001101111111011101100010101
00010001110001011011101101101111
00010001110001111011101101101101
00010001110010011011101101100011
00010001110010100100010010011111
00010001110011011011101101100111
00010001110011100100010010011011
00010001110011111011101101100101
00010001110100011011101101111011
00010001110100111011101101111001
00010001110101011011101101111111
00010001110101111011101101111101
00010001110110100100010010001111
00010001110111011011101101110111
00010001110111100100010010001011
00010001111000100100010010110111
00010001111000111011101101001001
00010001111001011011101101001111
00010001111001100100010010110011
00010001111001111011101101001101
00010001111010100100010010111111
00010001111011011011101101000111
00010001111011111011101101000101
00010001111100011011101101011011
00010001111100100100010010100111
00010001111101100100010010100011
00010001111110100100010010101111
00010001111111011011101101010111
00010001111111100100010010101011
00010001111111111011101101010101
00010010001011100100011101111011
00010010001100100100011101100111
00010010001101011011100010011111
00010010001101111011100010011101
00010010001110011011100010010011
00010010001111100100011101101011
00010010010010011011100011100011
00010010010010100100011100011111
00010010010011011011100011100111
00010010010011111011100011100101
00010010010101011011100011111111
00010010010101111011100011111101
00010010010110011011100011110011
00010010010111011011100011110111
00010010010111111011100011110101
00010010011000111011100011001001
00010010011001011011100011001111
00010010011001100100011100110011
00010010011001111011100011001101
00010010011011100100011100111011
00010010011011111011100011000101
00010010011100011011100011011011
00010010011100100100011100100111
00010010011100111011100011011001
00010010011101011011100011011111
00010010011101111011100011011101
00010010011110011011100011010011
00010010011110100100011100101111
00010010011111100100011100101011
00010010011111111011100011010101
00010010100010100100011111011111
00010010100100100100011111000111
00010010100110100100011111001111
00010010101011100100011111111011
00010010101101100100011111100011
00010010101110100100011111101111
00010010110010100100011110011111
00010010110011100100011110011011
00010010110110100100011110001111
00010010111001100100011110110011
00010010111010100100011110111111
00010010111011100100011110111011
00010010111100100100011110100111
00010010111101100100011110100011
00010010111110100100011110101111
00010010111111100100011110101011
00010011000100111011100110111001
00010011000111100100011001001011
00010011000111111011100110110101
00010011001001100100011001110011
00010011001001111011100110001101
00010011001100011011100110011011
00010011001100100100011001100111
00010011001100111011100110011001
00010011001101111011100110011101
00010011001110100100011001101111
00010011001111011011100110010111
00010011001111111011100110010101
00010011010001011011100111101111
00010011010001111011100111101101
00010011010010011011100111100011
00010011010011011011100111100111
00010011010011111011100111100101
00010011010100111011100111111001
00010011010101011011100111111111
00010011010101111011100111111101
00010011010111011011100111110111
00010011011000111011100111001001
00010011011001011011100111001111
00010011011001111011100111001101
00010011011010100100011000111111
00010011011011011011100111000111
00010011011011100100011000111011
00010011011100011011100111011011
00010011011101011011100111011111
00010011011110011011100111010011
00010011011110100100011000101111
00010011011111011011100111010111
00010011011111111011100111010101
00010011100011011011100100100111
00010011100011111011100100100101
00010011100100011011100100111011
00010011100100111011100100111001
00010011100101011011100100111111
00010011100101111011100100111101
00010011100110011011100100110011
00010011100110100100011011001111
00010011100111100100011011001011
00010011100111111011100100110101
00010011101010100100011011111111
00010011101011100100011011111011
00010011101100011011100100011011
00010011101100100100011011100111
00010011101100111011100100011001
00010011101101011011100100011111
00010011101101100100011011100011
00010011101101111011100100011101
00010011101110100100011011101111
00010011101111011011100100010111
00010011101111100100011011101011
00010011101111111011100100010101
00010011110001011011100101101111
00010011110001100100011010010011
00010011110010011011100101100011
00010011110011011011100101100111
00010011110011100100011010011011
00010011110100111011100101111001
00010011110101111011100101111101
00010011110110011011100101110011
00010011110111100100011010001011
00010011110111111011100101110101
00010011111001011011100101001111
00010011111001111011100101001101
00010011111011011011100101000111
00010011111011100100011010111011
00010011111011111011100101000101
00010011111100011011100101011011
00010011111100100100011010100111
00010011111100111011100101011001
00010011111101011011100101011111
00010011111101111011100101011101
00010011111110011011100101010011
00010011111110100100011010101111
00010011111111011011100101010111
00010011111111100100011010101011
00010100010100111011111011111001
00010100010101011011111011111111
00010100010111011011111011110111
00010100011000111011111011001001
00010100011011011011111011000111
00010100011100011011111011011011
00010100011101011011111011011111
00010100011101111011111011011101
00010100011111011011111011010111
00010100011111111011111011010101
00010100100100111011111000111001
00010100100110011011111000110011
00010100100111011011111000110111
00010100110001111011111001101101
00010100110011011011111001100111
00010100110011111011111001100101
00010100110100011011111001111011
00010100110101011011111001111111
00010100110101111011111001111101
00010100110110011011111001110011
00010100110111011011111001110111
00010100110111111011111001110101
00010100111000111011111001001001
00010100111001111011111001001101
00010100111011011011111001000111
00010100111100011011111001011011
00010100111100111011111001011001
00010100111101111011111001011101
00010100111110011011111001010011
00010100111111111011111001010101
00010101000101011011111110111111
00010101000101111011111110111101
00010101000111011011111110110111
00010101000111111011111110110101
00010101001001011011111110001111
00010101001100011011111110011011
00010101001100111011111110011001
00010101001101011011111110011111
00010101001101111011111110011101
00010101001111011011111110010111
00010101001111111011111110010101
00010101010001011011111111101111
00010101010001111011111111101101
00010101010010011011111111100011
00010101010011011011111111100111
00010101010011111011111111100101
00010101010100011011111111111011
00010101010110011011111111110011
00010101010111011011111111110111
00010101010111111011111111110101
00010101011000111011111111001001
00010101011001011011111111001111
00010101011001111011111111001101
00010101011100011011111111011011
00010101011100111011111111011001
00010101011110011011111111010011
00010101011111011011111111010111
00010101011111111011111111010101
00010101100011011011111100100111
00010101100100111011111100111001
00010101100101111011111100111101
00010101100111011011111100110111
00010101100111111011111100110101
00010101101100011011111100011011
00010101101100111011111100011001
00010101101101011011111100011111
00010101101111011011111100010111
00010101110010011011111101100011
00010101110011111011111101100101
00010101110100111011111101111001
00010101110101011011111101111111
00010101110101111011111101111101
00010101110111011011111101110111
00010101110111111011111101110101
00010101111000111011111101001001
00010101111001011011111101001111
00010101111001111011111101001101
00010101111100011011111101011011
00010101111101011011111101011111
00010101111111111011111101010101
00010110001100111011110010011001
00010110001101111011110010011101
00010110010001011011110011101111
00010110010001111011110011101101
00010110010010011011110011100011
00010110010011011011110011100111
00010110010011111011110011100101
00010110010100011011110011111011
00010110010100111011110011111001
00010110010101011011110011111111
00010110010101111011110011111101
00010110010110011011110011110011
00010110010111111011110011110101
00010110011000111011110011001001
00010110011001011011110011001111
00010110011001111011110011001101
00010110011100011011110011011011
00010110011100111011110011011001
00010110011101011011110011011111
00010110011101111011110011011101
00010110011110011011110011010011
00010110011111111011110011010101
00010110110010011011110001100011
00010110110011011011110001100111
00010110110011111011110001100101
00010110110100011011110001111011
00010110110111011011110001110111
00010111000110011011110110110011
00010111000111011011110110110111
00010111001001011011110110001111
00010111001001111011110110001101
00010111001100011011110110011011
00010111001100111011110110011001
00010111001101011011110110011111
00010111001101111011110110011101
00010111001111111011110110010101
00010111010010011011110111100011
00010111010011111011110111100101
00010111010100111011110111111001
00010111010101011011110111111111
00010111010101111011110111111101
00010111010111011011110111110111
00010111011000111011110111001001
00010111011001111011110111001101
00010111011100011011110111011011
00010111011101011011110111011111
00010111011110011011110111010011
00010111100011011011110100100111
00010111100100111011110100111001
00010111100101011011110100111111
00010111100101111011110100111101
00010111100110011011110100110011
00010111100111011011110100110111
00010111100111111011110100110101
00010111101100011011110100011011
00010111101101011011110100011111
00010111110010011011110101100011
00010111110011011011110101100111
00010111110011111011110101100101
00010111110100011011110101111011
00010111110100111011110101111001
00010111110101111011110101111101
00010111110110011011110101110011
00010111110111011011110101110111
00010111110111111011110101110101
00010111111000111011110101001001
00010111111001011011110101001111
00010111111001111011110101001101
00010111111100011011110101011011
00010111111100111011110101011001
00010111111101011011110101011111
00010111111101111011110101011101
00010111111110011011110101010011
00011000110001111011001001101101
00011000110010100100110110011111
00011000110011011011001001100111
00011000110011100100110110011011
00011000110100111011001001111001
00011000110101011011001001111111
00011000110101111011001001111101
00011000110110011011001001110011
00011000110110100100110110001111
00011000110111011011001001110111
00011000110111111011001001110101
00011000111000111011001001001001
00011000111001011011001001001111
00011000111001100100110110110011
00011000111001111011001001001101
00011000111011100100110110111011
00011000111100011011001001011011
00011000111100100100110110100111
00011000111100111011001001011001
00011000111101011011001001011111
00011000111101111011001001011101
00011000111110011011001001010011
00011000111110100100110110101111
00011000111111100100110110101011
00011000111111111011001001010101
00011001001001100100110001110011
00011001001010100100110001111111
00011001001011100100110001111011
00011001001100011011001110011011
00011001001100100100110001100111
00011001001101011011001110011111
00011001001110011011001110010011
00011001001110100100110001101111
00011001001111011011001110010111
00011001001111100100110001101011
00011001010011111011001111100101
00011001010100011011001111111011
00011001010100111011001111111001
00011001010101011011001111111111
00011001010101111011001111111101
00011001010110011011001111110011
00011001010111011011001111110111
00011001011000111011001111001001
00011001011001011011001111001111
00011001011001111011001111001101
00011001011011011011001111000111
00011001011100011011001111011011
00011001011100111011001111011001
00011001011101011011001111011111
00011001011101111011001111011101
00011001011110011011001111010011
00011001011111011011001111010111
00011001011111111011001111010101
00011001100011011011001100100111
00011001100011100100110011011011
00011001100011111011001100100101
00011001100100011011001100111011
00011001100100100100110011000111
00011001100100111011001100111001
00011001100101011011001100111111
00011001100101111011001100111101
00011001100111011011001100110111
00011001100111100100110011001011
00011001101001100100110011110011
00011001101010100100110011111111
00011001101011100100110011111011
00011001101100011011001100011011
00011001101100100100110011100111
00011001101101011011001100011111
00011001101101111011001100011101
00011001101110100100110011101111
00011001110011011011001101100111
00011001110011111011001101100101
00011001110100011011001101111011
00011001110100111011001101111001
00011001110101111011001101111101
00011001110110011011001101110011
00011001110111011011001101110111
00011001111000111011001101001001
00011001111001100100110010110011
00011001111001111011001101001101
00011001111010100100110010111111
00011001111100011011001101011011
00011001111101011011001101011111
00011001111110011011001101010011
00011001111110100100110010101111
00011001111111011011001101010111
00011001111111111011001101010101
00011010010010100100111100011111
00011010010011100100111100011011
00011010011001100100111100110011
00011010011010100100111100111111
00011010011100100100111100100111
00011010011110100100111100101111
00011010011111100100111100101011
00011010100011100100111111011011
00011010100100100100111111000111
00011010100110100100111111001111
00011010100111100100111111001011
00011010101010100100111111111111
00011010101011100100111111111011
00011010110011100100111110011011
00011010111100100100111110100111
00011011000111011011000110110111
00011011000111100100111001001011
00011011000111111011000110110101
00011011001010100100111001111111
00011011001100100100111001100111
00011011001110100100111001101111
00011011001111100100111001101011
00011011010011011011000111100111
00011011010011111011000111100101
00011011010100111011000111111001
00011011010101011011000111111111
00011011010101111011000111111101
00011011010110011011000111110011
00011011010111011011000111110111
00011011010111111011000111110101
00011011011000111011000111001001
00011011011001011011000111001111
00011011011001111011000111001101
00011011011011011011000111000111
00011011011011100100111000111011
00011011011100111011000111011001
00011011011101011011000111011111
00011011011101111011000111011101
00011011011110011011000111010011
00011011011111011011000111010111
00011011011111111011000111010101
00011011100011100100111011011011
00011011100100100100111011000111
00011011100110100100111011001111
00011011101010100100111011111111
00011011101011100100111011111011
00011011101100100100111011100111
00011011101110100100111011101111
00011011110010100100111010011111
00011011110110100100111010001111
00011011111001100100111010110011
00011011111010100100111010111111
00011011111011100100111010111011
00011011111100100100111010100111
00011011111111100100111010101011
00011100011100100100100100100111
00011100011100111011011011011001
00011100011101011011011011011111
00011100011110011011011011010011
00011100011110100100100100101111
00011100011111011011011011010111
00011100011111100100100100101011
00011100100011100100100111011011
00011100100101111011011000111101
00011100100110100100100111001111
00011100100111100100100111001011
00011100101011100100100111111011
00011100101100100100100111100111
00011100101111100100100111101011
00011100110001111011011001101101
00011100110011011011011001100111
00011100110011100100100110011011
00011100110011111011011001100101
00011100110100111011011001111001
00011100110101011011011001111111
00011100110101111011011001111101
00011100110110011011011001110011
00011100111000111011011001001001
00011100111001011011011001001111
00011100111001100100100110110011
00011100111001111011011001001101
00011100111010100100100110111111
00011100111011100100100110111011
00011100111100100100100110100111
00011100111100111011011001011001
00011100111101011011011001011111
00011100111111011011011001010111
00011100111111111011011001010101
00011101000111011011011110110111
00011101000111111011011110110101
00011101001001011011011110001111
00011101001100111011011110011001
00011101001101011011011110011111
00011101001110011011011110010011
00011101001111011011011110010111
00011101001111111011011110010101
00011101010011011011011111100111
00011101010100111011011111111001
00011101010101011011011111111111
00011101010110011011011111110011
00011101010111011011011111110111
00011101011001011011011111001111
00011101011100111011011111011001
00011101011101011011011111011111
00011101011110011011011111010011
00011101011111011011011111010111
00011101011111111011011111010101
00011101100011111011011100100101
00011101100101011011011100111111
00011101100101111011011100111101
00011101100110011011011100110011
00011101100111011011011100110111
00011101100111111011011100110101
00011101101001100100100011110011
00011101101010100100100011111111
00011101101011100100100011111011
00011101101101011011011100011111
00011101101110100100100011101111
00011101110001111011011101101101
00011101110011111011011101100101
00011101110101111011011101111101
00011101110110011011011101110011
00011101110111111011011101110101
00011101111100111011011101011001
00011101111101011011011101011111
00011101111101111011011101011101
00011101111110011011011101010011
00011101111111011011011101010111
00011101111111111011011101010101
00011110001111011011010010010111
00011110001111111011010010010101
00011110010001111011010011101101
00011110010010100100101100011111
00011110010011011011010011100111
00011110010100111011010011111001
00011110010101011011010011111111
00011110010101111011010011111101
00011110010111111011010011110101
00011110011001011011010011001111
00011110011001111011010011001101
00011110011011100100101100111011
00011110011100100100101100100111
00011110011100111011010011011001
00011110011110011011010011010011
00011110011110100100101100101111
00011110011111011011010011010111
00011110011111100100101100101011
00011110011111111011010011010101
00011110100110100100101111001111
00011110100111100100101111001011
00011110101001100100101111110011
00011110101110100100101111101111
00011110110011100100101110011011
00011110111001100100101110110011
00011110111011100100101110111011
00011110111110100100101110101111
00011111000111111011010110110101
00011111001010100100101001111111
00011111001011100100101001111011
00011111001101011011010110011111
00011111001101111011010110011101
00011111001110011011010110010011
00011111001111011011010110010111
00011111001111111011010110010101
00011111010011011011010111100111
00011111010100111011010111111001
00011111010101011011010111111111
00011111010101111011010111111101
00011111010110011011010111110011
00011111010111011011010111110111
00011111010111111011010111110101
00011111011001111011010111001101
00011111011100111011010111011001
00011111011101011011010111011111
00011111011101111011010111011101
00011111011110011011010111010011
00011111011111011011010111010111
00011111100100111011010100111001
00011111100101011011010100111111
00011111100101111011010100111101
00011111100110011011010100110011
00011111100111011011010100110111
00011111100111100100101011001011
00011111101001100100101011110011
00011111101010100100101011111111
00011111101011100100101011111011
00011111101100100100101011100111
00011111110010100100101010011111
00011111110011011011010101100111
00011111110011100100101010011011
00011111110011111011010101100101
00011111110111111011010101110101
00011111111001011011010101001111
00011111111001100100101010110011
00011111111001111011010101001101
00011111111010100100101010111111
00011111111011100100101010111011
00011111111100111011010101011001
00011111111101011011010101011111
00011111111101111011010101011101
00011111111110011011010101010011
00011111111111011011010101010111
00011111111111100100101010101011
00100110011010100111001100111111
00100110011011100111001100111011
00100110011100100111001100100111
00100110011110100111001100101111
00100110011111100111001100101011
00100110100111100111001111001011
00100110101001100111001111110011
00100110101010100111001111111111
00100110101011100111001111111011
00100110101100100111001111100111
00100110101110100111001111101111
00100110101111100111001111101011
00100110110010100111001110011111
00100110110011100111001110011011
00100110111001100111001110110011
00100110111010100111001110111111
00100110111011100111001110111011
00100110111100100111001110100111
00100110111110100111001110101111
00100110111111100111001110101011
00100111001010100111001001111111
00100111001011100111001001111011
00100111100110100111001011001111
00100111101001100111001011110011
00100111101011100111001011111011
00100111101110100111001011101111
00100111101111100111001011101011
00100111110010100111001010011111
00100111110011100111001010011011
00100111111001100111001010110011
00100111111010100111001010111111
00100111111011100111001010111011
00100111111111100111001010101011
00101001100110100111110011001111
00101001100111100111110011001011
00101001101001100111110011110011
00101001101010100111110011111111
00101001101110100111110011101111
00101001111001100111110010110011
00101001111010100111110010111111
00101001111011100111110010111011
00101001111110100111110010101111
00101001111111100111110010101011
00101010011001100111111100110011
00101010011011100111111100111011
00101010011110100111111100101111
00101010101001100111111111110011
00101010101110100111111111101111
00101010110011100111111110011011
00101010111001100111111110110011
00101010111011100111111110111011
00101010111110100111111110101111
00101010111111100111111110101011
00101011001011100111111001111011
00101011001110100111111001101111
00101011001111100111111001101011
00101011100110100111111011001111
00101011110011100111111010011011
00101011111001100111111010110011
00101011111010100111111010111111
00101011111011100111111010111011
00101011111111100111111010101011
00101100101111100111100111101011
00101100110011100111100110011011
00101100111010100111100110111111
00101100111011100111100110111011
00101100111111100111100110101011
00101110011001100111101100110011
00101110011010100111101100111111
00101110011011100111101100111011
00101110101010100111101111111111
00101110101011100111101111111011
00101110110011100111101110011011
00101110111001100111101110110011
00101111001111100111101001101011
00101111101001100111101011110011
00101111101010100111101011111111
00101111101011100111101011111011
00101111110011100111101010011011
00101111111001100111101010110011
00101111111011100111101010111011
00101111111110100111101010101111
00101111111111100111101010101011
00110011001101011001100110011111
00110011001101111001100110011101
00110011010011011001100111100111
00110011010101011001100111111111
00110011010101111001100111111101
00110011010111111001100111110101
00110011011101111001100111011101
00110011011111011001100111010111
00110011011111111001100111010101
00110100110101011001111001111111
00110100110101111001111001111101
00110100110111011001111001110111
00110101001101011001111110011111
00110101001101111001111110011101
00110101010011011001111111100111
00110101010101011001111111111111
00110101010101111001111111111101
00110101010111011001111111110111
00110101010111111001111111110101
00110101011101011001111111011111
00110101011111011001111111010111
00110101011111111001111111010101
00110101100111011001111100110111
00110101110011011001111101100111
00110101110101011001111101111111
00110101111101011001111101011111
00110101111111011001111101010111
00110110011101011001110011011111
00110110011101111001110011011101
00110111001101111001110110011101
00110111010101011001110111111111
00110111010101111001110111111101
00110111010111011001110111110111
00110111010111111001110111110101
00110111011111011001110111010111
00110111011111111001110111010101
00110111110101011001110101111111
00110111110101111001110101111101
00110111110111011001110101110111
00110111111101011001110101011111
00110111111101111001110101011101
00110111111111011001110101010111
01010101010111011111111111110111
01010101110111011111111101110111
01010101111101011111111101011111
01010111011101011111110111011111
01010111110111011111110101110111
01011101011101011111011111011111
01011101111101011111011101011111

