Summary of sequences of small complexity=18 which yield debruijn sequences:
Total number of sequences in this file: 1305
00000010000001000101011101010001
00000010000001011010100010101111
00000010000001100101011101010011
00000010000001111010100010101101
00000010000010000101011101011101
00000010000010011010100010100011
00000010000010100101011101011111
00000010000010111010100010100001
00000010000011011010100010100111
00000010000100100101011101000111
00000010000100111010100010111001
00000010000101000101011101000001
00000010000101011010100010111111
00000010000101100101011101000011
00000010000101111010100010111101
00000010000110011010100010110011
00000010000110100101011101001111
00000010000110111010100010110001
00000010000111100101011101001011
00000010000111111010100010110101
00000010001000000101011101110101
00000010001000100101011101110111
00000010001000111010100010001001
00000010001001000101011101110001
00000010001001011010100010001111
00000010001001100101011101110011
00000010001001111010100010001101
00000010001010000101011101111101
00000010001010011010100010000011
00000010001011000101011101111001
00000010001011100101011101111011
00000010001011111010100010000101
00000010001100100101011101100111
00000010001100111010100010011001
00000010001101000101011101100001
00000010001101011010100010011111
00000010001101100101011101100011
00000010001101111010100010011101
00000010001110000101011101101101
00000010001110011010100010010011
00000010001110100101011101101111
00000010001110111010100010010001
00000010001111000101011101101001
00000010010000011010100011101011
00000010010001000101011100010001
00000010010001100101011100010011
00000010010001111010100011101101
00000010010010000101011100011101
00000010010010011010100011100011
00000010010011000101011100011001
00000010010011011010100011100111
00000010010011100101011100011011
00000010010011111010100011100101
00000010010100000101011100000101
00000010010100011010100011111011
00000010010100100101011100000111
00000010010100111010100011111001
00000010010101011010100011111111
00000010010110011010100011110011
00000010010110111010100011110001
00000010010111011010100011110111
00000010010111100101011100001011
00000010010111111010100011110101
00000010011000000101011100110101
00000010011000011010100011001011
00000010011000100101011100110111
00000010011000111010100011001001
00000010011001000101011100110001
00000010011001011010100011001111
00000010011001111010100011001101
00000010011010000101011100111101
00000010011010011010100011000011
00000010011010100101011100111111
00000010011011000101011100111001
00000010011011011010100011000111
00000010011011100101011100111011
00000010011011111010100011000101
00000010011100000101011100100101
00000010011100011010100011011011
00000010011100100101011100100111
00000010011100111010100011011001
00000010011101000101011100100001
00000010011101011010100011011111
00000010011101100101011100100011
00000010011101111010100011011101
00000010011110000101011100101101
00000010011110011010100011010011
00000010011110100101011100101111
00000010011110111010100011010001
00000010011111000101011100101001
00000010011111011010100011010111
00000010011111100101011100101011
00000010011111111010100011010101
00000010100000011010100000101011
00000010100000100101011111010111
00000010100000111010100000101001
00000010100001000101011111010001
00000010100001011010100000101111
00000010100001111010100000101101
00000010100010000101011111011101
00000010100010011010100000100011
00000010100010100101011111011111
00000010100011000101011111011001
00000010100011011010100000100111
00000010100011100101011111011011
00000010100011111010100000100101
00000010100100000101011111000101
00000010100100100101011111000111
00000010100100111010100000111001
00000010100101011010100000111111
00000010100101111010100000111101
00000010100110000101011111001101
00000010100110100101011111001111
00000010100111000101011111001001
00000010100111011010100000110111
00000010100111100101011111001011
00000010100111111010100000110101
00000010101000000101011111110101
00000010101011000101011111111001
00000010101100000101011111100101
00000010101100100101011111100111
00000010101100111010100000011001
00000010101101000101011111100001
00000010101101011010100000011111
00000010101101100101011111100011
00000010101101111010100000011101
00000010101110000101011111101101
00000010101110100101011111101111
00000010101111000101011111101001
00000010101111011010100000010111
00000010101111100101011111101011
00000010110000011010100001101011
00000010110000100101011110010111
00000010110001000101011110010001
00000010110001100101011110010011
00000010110001111010100001101101
00000010110010011010100001100011
00000010110010100101011110011111
00000010110011000101011110011001
00000010110011011010100001100111
00000010110011100101011110011011
00000010110011111010100001100101
00000010110100000101011110000101
00000010110100011010100001111011
00000010110100100101011110000111
00000010110100111010100001111001
00000010110101011010100001111111
00000010110101100101011110000011
00000010110110000101011110001101
00000010110110011010100001110011
00000010110110100101011110001111
00000010110110111010100001110001
00000010110111000101011110001001
00000010110111011010100001110111
00000010110111100101011110001011
00000010110111111010100001110101
00000010111000011010100001001011
00000010111000100101011110110111
00000010111000111010100001001001
00000010111001000101011110110001
00000010111001011010100001001111
00000010111001100101011110110011
00000010111010000101011110111101
00000010111010100101011110111111
00000010111010111010100001000001
00000010111011000101011110111001
00000010111011011010100001000111
00000010111011100101011110111011
00000010111011111010100001000101
00000010111100000101011110100101
00000010111100011010100001011011
00000010111100111010100001011001
00000010111101000101011110100001
00000010111101011010100001011111
00000010111101100101011110100011
00000010111101111010100001011101
00000010111110011010100001010011
00000010111110111010100001010001
00000010111111011010100001010111
00000011000001000101011001010001
00000011000001111010100110101101
00000011000010011010100110100011
00000011000010100101011001011111
00000011000010111010100110100001
00000011000011000101011001011001
00000011000011011010100110100111
00000011000011100101011001011011
00000011000100000101011001000101
00000011000100011010100110111011
00000011000100100101011001000111
00000011000100111010100110111001
00000011000101000101011001000001
00000011000101011010100110111111
00000011000101100101011001000011
00000011000101111010100110111101
00000011000110000101011001001101
00000011000110100101011001001111
00000011000110111010100110110001
00000011000111000101011001001001
00000011000111011010100110110111
00000011000111100101011001001011
00000011000111111010100110110101
00000011001000100101011001110111
00000011001000111010100110001001
00000011001001000101011001110001
00000011001001011010100110001111
00000011001001100101011001110011
00000011001001111010100110001101
00000011001010000101011001111101
00000011001010100101011001111111
00000011001011000101011001111001
00000011001011011010100110000111
00000011001100100101011001100111
00000011001101000101011001100001
00000011001101011010100110011111
00000011001101111010100110011101
00000011001110000101011001101101
00000011001110011010100110010011
00000011001110100101011001101111
00000011001110111010100110010001
00000011001111000101011001101001
00000011001111011010100110010111
00000011001111100101011001101011
00000011010000100101011000010111
00000011010000111010100111101001
00000011010001111010100111101101
00000011010010000101011000011101
00000011010010011010100111100011
00000011010010100101011000011111
00000011010010111010100111100001
00000011010011000101011000011001
00000011010011011010100111100111
00000011010011100101011000011011
00000011010011111010100111100101
00000011010100011010100111111011
00000011010100100101011000000111
00000011010100111010100111111001
00000011010110000101011000001101
00000011010110011010100111110011
00000011010111000101011000001001
00000011010111011010100111110111
00000011010111111010100111110101
00000011011000011010100111001011
00000011011000100101011000110111
00000011011000111010100111001001
00000011011001011010100111001111
00000011011001111010100111001101
00000011011010000101011000111101
00000011011010011010100111000011
00000011011011000101011000111001
00000011011011011010100111000111
00000011011011100101011000111011
00000011011011111010100111000101
00000011011100011010100111011011
00000011011100111010100111011001
00000011011101011010100111011111
00000011011101100101011000100011
00000011011101111010100111011101
00000011011110000101011000101101
00000011011110100101011000101111
00000011011110111010100111010001
00000011011111000101011000101001
00000011011111100101011000101011
00000011100000100101011011010111
00000011100000111010100100101001
00000011100001100101011011010011
00000011100001111010100100101101
00000011100010000101011011011101
00000011100010011010100100100011
00000011100010100101011011011111
00000011100010111010100100100001
00000011100011000101011011011001
00000011100011100101011011011011
00000011100011111010100100100101
00000011100100000101011011000101
00000011100100111010100100111001
00000011100101000101011011000001
00000011100101011010100100111111
00000011100101100101011011000011
00000011100110000101011011001101
00000011100110011010100100110011
00000011100110111010100100110001
00000011100111000101011011001001
00000011100111011010100100110111
00000011100111100101011011001011
00000011100111111010100100110101
00000011101000011010100100001011
00000011101000100101011011110111
00000011101001011010100100001111
00000011101001100101011011110011
00000011101001111010100100001101
00000011101010000101011011111101
00000011101010100101011011111111
00000011101011000101011011111001
00000011101011011010100100000111
00000011101011111010100100000101
00000011101100000101011011100101
00000011101100011010100100011011
00000011101100100101011011100111
00000011101100111010100100011001
00000011101101011010100100011111
00000011101101100101011011100011
00000011101101111010100100011101
00000011101110000101011011101101
00000011101110011010100100010011
00000011101110100101011011101111
00000011101110111010100100010001
00000011101111000101011011101001
00000011101111011010100100010111
00000011101111100101011011101011
00000011110000100101011010010111
00000011110001000101011010010001
00000011110001100101011010010011
00000011110001111010100101101101
00000011110010000101011010011101
00000011110010011010100101100011
00000011110010100101011010011111
00000011110010111010100101100001
00000011110011000101011010011001
00000011110011100101011010011011
00000011110011111010100101100101
00000011110100000101011010000101
00000011110100011010100101111011
00000011110100111010100101111001
00000011110110011010100101110011
00000011110110111010100101110001
00000011110111011010100101110111
00000011110111111010100101110101
00000011111000011010100101001011
00000011111000100101011010110111
00000011111001000101011010110001
00000011111001011010100101001111
00000011111001100101011010110011
00000011111001111010100101001101
00000011111010000101011010111101
00000011111010011010100101000011
00000011111010100101011010111111
00000011111010111010100101000001
00000011111011000101011010111001
00000011111011011010100101000111
00000011111011100101011010111011
00000011111011111010100101000101
00000011111100000101011010100101
00000011111100100101011010100111
00000011111100111010100101011001
00000011111101000101011010100001
00000011111101011010100101011111
00000011111101100101011010100011
00000011111101111010100101011101
00000011111110000101011010101101
00000011111110011010100101010011
00000011111111000101011010101001
00000011111111011010100101010111
00000100000100011010111010111011
00000100000100100101000101000111
00000100000101011010111010111111
00000100000110011010111010110011
00000100000110100101000101001111
00000100000110111010111010110001
00000100000111000101000101001001
00000100000111100101000101001011
00000100000111111010111010110101
00000100001010000101000101111101
00000100001010011010111010000011
00000100001010100101000101111111
00000100001011011010111010000111
00000100001011111010111010000101
00000100001100100101000101100111
00000100001100111010111010011001
00000100001110111010111010010001
00000100010001000101000100010001
00000100010001011010111011101111
00000100010001100101000100010011
00000100010001111010111011101101
00000100010010111010111011100001
00000100010011100101000100011011
00000100010011111010111011100101
00000100010100000101000100000101
00000100010100111010111011111001
00000100010111000101000100001001
00000100010111011010111011110111
00000100011000011010111011001011
00000100011000111010111011001001
00000100011001100101000100110011
00000100011010011010111011000011
00000100011010100101000100111111
00000100011011011010111011000111
00000100011011111010111011000101
00000100011101011010111011011111
00000100011110011010111011010011
00000100011111000101000100101001
00000100011111011010111011010111
00000100100001000101000111010001
00000100100010100101000111011111
00000100100011100101000111011011
00000100100011111010111000100101
00000100100100100101000111000111
00000100100100111010111000111001
00000100100101100101000111000011
00000100100110000101000111001101
00000100100110111010111000110001
00000100100111000101000111001001
00000100100111011010111000110111
00000100100111111010111000110101
00000100101000011010111000001011
00000100101001000101000111110001
00000100101001011010111000001111
00000100101011100101000111111011
00000100101100100101000111100111
00000100101100111010111000011001
00000100101110011010111000010011
00000100101111100101000111101011
00000100110000111010111001101001
00000100110001100101000110010011
00000100110010111010111001100001
00000100110100100101000110000111
00000100110101111010111001111101
00000100110111011010111001110111
00000100111000100101000110110111
00000100111000111010111001001001
00000100111001100101000110110011
00000100111001111010111001001101
00000100111010100101000110111111
00000100111101011010111001011111
00000100111101100101000110100011
00000100111101111010111001011101
00000100111110111010111001010001
00000100111111011010111001010111
00000100111111111010111001010101
00000101000001011010111110101111
00000101000001111010111110101101
00000101000010000101000001011101
00000101000010111010111110100001
00000101000110111010111110110001
00000101001000011010111110001011
00000101001000111010111110001001
00000101001001100101000001110011
00000101001100100101000001100111
00000101001101111010111110011101
00000101001110111010111110010001
00000101001111011010111110010111
00000101001111100101000001101011
00000101010100011010111111111011
00000101010100111010111111111001
00000101010101011010111111111111
00000101010101111010111111111101
00000101010111011010111111110111
00000101011000111010111111001001
00000101011001111010111111001101
00000101011010011010111111000011
00000101011110011010111111010011
00000101011111011010111111010111
00000101100010011010111100100011
00000101100100011010111100111011
00000101100100111010111100111001
00000101100101111010111100111101
00000101100110011010111100110011
00000101100110100101000011001111
00000101100111000101000011001001
00000101100111100101000011001011
00000101100111111010111100110101
00000101101001011010111100001111
00000101101010000101000011111101
00000101101011011010111100000111
00000101101101111010111100011101
00000101101110111010111100010001
00000101110000100101000010010111
00000101110001111010111101101101
00000101110010011010111101100011
00000101110011011010111101100111
00000101110011111010111101100101
00000101110100011010111101111011
00000101110100111010111101111001
00000101110101011010111101111111
00000101110101100101000010000011
00000101110110011010111101110011
00000101110110100101000010001111
00000101110111011010111101110111
00000101111000100101000010110111
00000101111001111010111101001101
00000101111010011010111101000011
00000101111010100101000010111111
00000101111100011010111101011011
00000101111100111010111101011001
00000101111101000101000010100001
00000101111101100101000010100011
00000101111110000101000010101101
00000101111110011010111101010011
00000101111110100101000010101111
00000101111111011010111101010111
00000101111111100101000010101011
00000101111111111010111101010101
00000110000100011010110010111011
00000110000101111010110010111101
00000110000110111010110010110001
00000110000111000101001101001001
00000110000111111010110010110101
00000110001000011010110010001011
00000110001001100101001101110011
00000110001001111010110010001101
00000110001010000101001101111101
00000110001011000101001101111001
00000110001011011010110010000111
00000110001011100101001101111011
00000110001101011010110010011111
00000110001101100101001101100011
00000110001101111010110010011101
00000110010000111010110011101001
00000110010001000101001100010001
00000110010001011010110011101111
00000110010011000101001100011001
00000110010101111010110011111101
00000110010110011010110011110011
00000110010110111010110011110001
00000110010111100101001100001011
00000110010111111010110011110101
00000110011001000101001100110001
00000110011001111010110011001101
00000110011011000101001100111001
00000110011011100101001100111011
00000110011100011010110011011011
00000110011101100101001100100011
00000110011101111010110011011101
00000110011110011010110011010011
00000110011111100101001100101011
00000110100000111010110000101001
00000110100001011010110000101111
00000110100001100101001111010011
00000110100010011010110000100011
00000110100011011010110000100111
00000110100011100101001111011011
00000110100011111010110000100101
00000110100100100101001111000111
00000110100110000101001111001101
00000110100110100101001111001111
00000110100110111010110000110001
00000110100111100101001111001011
00000110101001100101001111110011
00000110101010000101001111111101
00000110101010100101001111111111
00000110101100011010110000011011
00000110101110100101001111101111
00000110101111000101001111101001
00000110110001000101001110010001
00000110110001011010110001101111
00000110110101111010110001111101
00000110110110011010110001110011
00000110110111000101001110001001
00000110110111100101001110001011
00000110111001100101001110110011
00000110111001111010110001001101
00000110111010011010110001000011
00000110111010100101001110111111
00000110111101100101001110100011
00000110111101111010110001011101
00000110111111000101001110101001
00000110111111111010110001010101
00000111000001111010110110101101
00000111000010011010110110100011
00000111000010111010110110100001
00000111000011000101001001011001
00000111000110111010110110110001
00000111000111000101001001001001
00000111000111100101001001001011
00000111001000011010110110001011
00000111001000100101001001110111
00000111001010100101001001111111
00000111001101000101001001100001
00000111001101011010110110011111
00000111001101111010110110011101
00000111001110100101001001101111
00000111001111000101001001101001
00000111001111011010110110010111
00000111010001011010110111101111
00000111010010000101001000011101
00000111010011011010110111100111
00000111010011111010110111100101
00000111010100111010110111111001
00000111010101111010110111111101
00000111010110100101001000001111
00000111010110111010110111110001
00000111010111111010110111110101
00000111011000111010110111001001
00000111011010000101001000111101
00000111011011000101001000111001
00000111011100100101001000100111
00000111011100111010110111011001
00000111011101011010110111011111
00000111011101111010110111011101
00000111011110100101001000101111
00000111011110111010110111010001
00000111011111111010110111010101
00000111100001011010110100101111
00000111100001111010110100101101
00000111100010000101001011011101
00000111100010100101001011011111
00000111100110000101001011001101
00000111100111100101001011001011
00000111101000011010110100001011
00000111101000100101001011110111
00000111101001011010110100001111
00000111101010000101001011111101
00000111101100011010110100011011
00000111101100100101001011100111
00000111101101011010110100011111
00000111101110011010110100010011
00000111101110100101001011101111
00000111101110111010110100010001
00000111101111011010110100010111
00000111101111100101001011101011
00000111110001011010110101101111
00000111110010011010110101100011
00000111110011011010110101100111
00000111110100111010110101111001
00000111110110100101001010001111
00000111110110111010110101110001
00000111110111000101001010001001
00000111110111011010110101110111
00000111111001000101001010110001
00000111111010000101001010111101
00000111111011000101001010111001
00000111111011100101001010111011
00000111111100100101001010100111
00000111111101000101001010100001
00000111111101111010110101011101
00000111111111100101001010101011
00000111111111111010110101010101
00001000010000100101110100010111
00001000010000111010001011101001
00001000010001100101110100010011
00001000010001111010001011101101
00001000010010011010001011100011
00001000010011111010001011100101
00001000010100111010001011111001
00001000010110100101110100001111
00001000010110111010001011110001
00001000010111011010001011110111
00001000011000111010001011001001
00001000011001000101110100110001
00001000011001011010001011001111
00001000011101111010001011011101
00001000011110000101110100101101
00001000011110011010001011010011
00001000100010100101110111011111
00001000100011000101110111011001
00001000100101011010001000111111
00001000100110100101110111001111
00001000100111011010001000110111
00001000100111111010001000110101
00001000101000100101110111110111
00001000101001100101110111110011
00001000101011000101110111111001
00001000101011100101110111111011
00001000101100100101110111100111
00001000101100111010001000011001
00001000101101111010001000011101
00001000101110011010001000010011
00001000101111011010001000010111
00001000110000100101110110010111
00001000110000111010001001101001
00001000110001011010001001101111
00001000110010000101110110011101
00001000110010100101110110011111
00001000110110000101110110001101
00001000110110011010001001110011
00001000110110111010001001110001
00001000110111000101110110001001
00001000110111011010001001110111
00001000110111100101110110001011
00001000111000100101110110110111
00001000111001000101110110110001
00001000111001100101110110110011
00001000111001111010001001001101
00001000111100011010001001011011
00001000111100111010001001011001
00001000111110100101110110101111
00001000111111011010001001010111
00001001000010011010001110100011
00001001000011000101110001011001
00001001000011011010001110100111
00001001000011100101110001011011
00001001000100011010001110111011
00001001000101011010001110111111
00001001000110000101110001001101
00001001000110011010001110110011
00001001000110111010001110110001
00001001000111100101110001001011
00001001000111111010001110110101
00001001001000100101110001110111
00001001001001011010001110001111
00001001001001100101110001110011
00001001001010000101110001111101
00001001001101011010001110011111
00001001001111100101110001101011
00001001010001011010001111101111
00001001010011011010001111100111
00001001010100111010001111111001
00001001011001000101110000110001
00001001011001100101110000110011
00001001011001111010001111001101
00001001011010000101110000111101
00001001011101011010001111011111
00001001011101111010001111011101
00001001100010000101110011011101
00001001100011100101110011011011
00001001100100111010001100111001
00001001100101100101110011000011
00001001100110000101110011001101
00001001100111111010001100110101
00001001101001000101110011110001
00001001101001100101110011110011
00001001101001111010001100001101
00001001101110000101110011101101
00001001101110111010001100010001
00001001110001011010001101101111
00001001110001100101110010010011
00001001110010100101110010011111
00001001110011000101110010011001
00001001110011100101110010011011
00001001110101111010001101111101
00001001110111111010001101110101
00001001111011011010001101000111
00001001111110011010001101010011
00001001111110100101110010101111
00001001111110111010001101010001
00001001111111000101110010101001
00001001111111011010001101010111
00001001111111111010001101010101
00001010000110100101111101001111
00001010000111100101111101001011
00001010001010000101111101111101
00001010001100100101111101100111
00001010001110000101111101101101
00001010001110100101111101101111
00001010001111100101111101101011
00001010010010000101111100011101
00001010011001100101111100110011
00001010011010000101111100111101
00001010011110100101111100101111
00001010100100100101111111000111
00001010100110000101111111001101
00001010101011000101111111111001
00001010101011100101111111111011
00001010101100100101111111100111
00001010101101100101111111100011
00001010101110000101111111101101
00001010110001000101111110010001
00001010110011000101111110011001
00001010110011100101111110011011
00001010110111000101111110001001
00001010111010000101111110111101
00001010111011000101111110111001
00001010111101100101111110100011
00001011000011000101111001011001
00001011000011011010000110100111
00001011000110111010000110110001
00001011001000100101111001110111
00001011001000111010000110001001
00001011001001000101111001110001
00001011001001100101111001110011
00001011001010000101111001111101
00001011001100111010000110011001
00001011001111000101111001101001
00001011001111111010000110010101
00001011010010000101111000011101
00001011011000011010000111001011
00001011011000100101111000110111
00001011011011111010000111000101
00001011011100100101111000100111
00001011011100111010000111011001
00001011011101111010000111011101
00001011011111111010000111010101
00001011100010100101111011011111
00001011100011100101111011011011
00001011100100100101111011000111
00001011100101100101111011000011
00001011101010000101111011111101
00001011101101100101111011100011
00001011101110000101111011101101
00001011101110100101111011101111
00001011101111000101111011101001
00001011110001100101111010010011
00001011110111100101111010001011
00001011111000100101111010110111
00001011111001100101111010110011
00001011111011000101111010111001
00001011111110100101111010101111
00001100001100100101100101100111
00001100001100111010011010011001
00001100001101011010011010011111
00001100001101111010011010011101
00001100001110011010011010010011
00001100001110100101100101101111
00001100001111011010011010010111
00001100001111100101100101101011
00001100010000111010011011101001
00001100010001011010011011101111
00001100010011011010011011100111
00001100010100011010011011111011
00001100010110011010011011110011
00001100010111111010011011110101
00001100011100011010011011011011
00001100011100100101100100100111
00001100011101111010011011011101
00001100011111111010011011010101
00001100100010100101100111011111
00001100100100111010011000111001
00001100100101111010011000111101
00001100100110011010011000110011
00001100101010100101100111111111
00001100101011000101100111111001
00001100101100011010011000011011
00001100101100100101100111100111
00001100101111100101100111101011
00001100110000111010011001101001
00001100110001100101100110010011
00001100110011011010011001100111
00001100110011100101100110011011
00001100110011111010011001100101
00001100110101011010011001111111
00001100110101111010011001111101
00001100110110011010011001110011
00001100110110111010011001110001
00001100110111000101100110001001
00001100110111100101100110001011
00001100111000111010011001001001
00001100111001000101100110110001
00001100111001100101100110110011
00001100111001111010011001001101
00001100111010100101100110111111
00001100111100111010011001011001
00001100111101100101100110100011
00001100111110111010011001010001
00001100111111011010011001010111
00001100111111100101100110101011
00001101000100011010011110111011
00001101000101111010011110111101
00001101000110011010011110110011
00001101000110111010011110110001
00001101001000111010011110001001
00001101001101011010011110011111
00001101001111100101100001101011
00001101010011011010011111100111
00001101010110011010011111110011
00001101011000111010011111001001
00001101011011111010011111000101
00001101011110011010011111010011
00001101100100111010011100111001
00001101100110011010011100110011
00001101100111111010011100110101
00001101101001000101100011110001
00001101101010100101100011111111
00001101101100100101100011100111
00001101101100111010011100011001
00001101101101100101100011100011
00001101101101111010011100011101
00001101101111011010011100010111
00001101110011011010011101100111
00001101110101011010011101111111
00001101110111000101100010001001
00001101110111100101100010001011
00001101111010100101100010111111
00001101111100100101100010100111
00001101111101100101100010100011
00001101111110100101100010101111
00001101111110111010011101010001
00001101111111111010011101010101
00001110001001011010010010001111
00001110001010100101101101111111
00001110001011000101101101111001
00001110001101111010010010011101
00001110001111111010010010010101
00001110010001011010010011101111
00001110010001111010010011101101
00001110010010011010010011100011
00001110010010100101101100011111
00001110010011011010010011100111
00001110010100011010010011111011
00001110011001100101101100110011
00001110011011100101101100111011
00001110011011111010010011000101
00001110011100011010010011011011
00001110011100100101101100100111
00001110011101100101101100100011
00001110011110011010010011010011
00001110011110111010010011010001
00001110011111000101101100101001
00001110011111011010010011010111
00001110011111100101101100101011
00001110011111111010010011010101
00001110100011100101101111011011
00001110101000100101101111110111
00001110101001000101101111110001
00001110101001100101101111110011
00001110101011000101101111111001
00001110101100100101101111100111
00001110110001000101101110010001
00001110110001111010010001101101
00001110110101111010010001111101
00001110110110111010010001110001
00001110110111011010010001110111
00001110111000100101101110110111
00001110111000111010010001001001
00001110111001000101101110110001
00001110111001111010010001001101
00001110111010100101101110111111
00001110111110111010010001010001
00001110111111011010010001010111
00001111000100100101101001000111
00001111000110100101101001001111
00001111000111000101101001001001
00001111001001011010010110001111
00001111001110111010010110010001
00001111010011111010010111100101
00001111010100011010010111111011
00001111010100111010010111111001
00001111010101111010010111111101
00001111010110111010010111110001
00001111011001000101101000110001
00001111011011000101101000111001
00001111011011111010010111000101
00001111011100100101101000100111
00001111011101011010010111011111
00001111011101100101101000100011
00001111011101111010010111011101
00001111011111000101101000101001
00001111100010100101101011011111
00001111100011011010010100100111
00001111100100111010010100111001
00001111100110111010010100110001
00001111100111000101101011001001
00001111100111100101101011001011
00001111101010100101101011111111
00001111101101011010010100011111
00001111101101111010010100011101
00001111101110011010010100010011
00001111101110100101101011101111
00001111101110111010010100010001
00001111101111000101101011101001
00001111110001000101101010010001
00001111110100011010010101111011
00001111110110011010010101110011
00001111110111000101101010001001
00001111110111011010010101110111
00001111111001100101101010110011
00001111111011011010010101000111
00001111111011100101101010111011
00001111111100011010010101011011
00001111111101011010010101011111
00001111111110011010010101010011
00010001000100100100010001000111
00010001001001111011101110001101
00010001001010100100010001111111
00010001001101011011101110011111
00010001001101100100010001100011
00010001001111100100010001101011
00010001010111011011101111110111
00010001011000111011101111001001
00010001011101011011101111011111
00010001100100100100010011000111
00010001100101011011101100111111
00010001100111011011101100110111
00010001101110100100010011101111
00010001110001100100010010010011
00010001110110011011101101110011
00010001110111111011101101110101
00010001111011100100010010111011
00010001111100111011101101011001
00010001111101011011101101011111
00010001111101111011101101011101
00010001111110011011101101010011
00010010001001100100011101110011
00010010001010100100011101111111
00010010001100011011100010011011
00010010001100111011100010011001
00010010001101100100011101100011
00010010001110100100011101101111
00010010001111011011100010010111
00010010001111111011100010010101
00010010010001011011100011101111
00010010010001100100011100010011
00010010010001111011100011101101
00010010010011100100011100011011
00010010010100011011100011111011
00010010010100111011100011111001
00010010011010100100011100111111
00010010011011011011100011000111
00010010011101100100011100100011
00010010011111011011100011010111
00010010100011100100011111011011
00010010100111100100011111001011
00010010101001100100011111110011
00010010101010100100011111111111
00010010101100100100011111100111
00010010101111100100011111101011
00010010110001100100011110010011
00010010110111100100011110001011
00010011000101011011100110111111
00010011000101111011100110111101
00010011000110011011100110110011
00010011000110100100011001001111
00010011000111011011100110110111
00010011001001011011100110001111
00010011001010100100011001111111
00010011001011100100011001111011
00010011001101011011100110011111
00010011001101100100011001100011
00010011001110011011100110010011
00010011001111100100011001101011
00010011010100011011100111111011
00010011010110011011100111110011
00010011010111111011100111110101
00010011011001100100011000110011
00010011011011111011100111000101
00010011011100100100011000100111
00010011011100111011100111011001
00010011011101111011100111011101
00010011011111100100011000101011
00010011100010100100011011011111
00010011100011100100011011011011
00010011100100100100011011000111
00010011100111011011100100110111
00010011101001100100011011110011
00010011110001111011100101101101
00010011110010100100011010011111
00010011110011111011100101100101
00010011110100011011100101111011
00010011110101011011100101111111
00010011110110100100011010001111
00010011110111011011100101110111
00010011111000111011100101001001
00010011111001100100011010110011
00010011111010100100011010111111
00010011111101100100011010100011
00010011111111111011100101010101
00010100010100011011111011111011
00010100010101111011111011111101
00010100010110011011111011110011
00010100010111111011111011110101
00010100011001011011111011001111
00010100011001111011111011001101
00010100011100111011111011011001
00010100011110011011111011010011
00010100100100011011111000111011
00010100100101011011111000111111
00010100100101111011111000111101
00010100100111111011111000110101
00010100110001011011111001101111
00010100110010011011111001100011
00010100110100111011111001111001
00010100111001011011111001001111
00010100111101011011111001011111
00010100111111011011111001010111
00010101000110011011111110110011
00010101001001111011111110001101
00010101001110011011111110010011
00010101010100111011111111111001
00010101010101011011111111111111
00010101010101111011111111111101
00010101011011011011111111000111
00010101011101011011111111011111
00010101011101111011111111011101
00010101100011111011111100100101
00010101100100011011111100111011
00010101100101011011111100111111
00010101100110011011111100110011
00010101101101111011111100011101
00010101110001011011111101101111
00010101110001111011111101101101
00010101110011011011111101100111
00010101110100011011111101111011
00010101110110011011111101110011
00010101111011011011111101000111
00010101111100111011111101011001
00010101111101111011111101011101
00010101111110011011111101010011
00010101111111011011111101010111
00010110001100011011110010011011
00010110001101011011110010011111
00010110001110011011110010010011
00010110001111011011110010010111
00010110001111111011110010010101
00010110010111011011110011110111
00010110011011011011110011000111
00010110011111011011110011010111
00010110110001011011110001101111
00010110110001111011110001101101
00010110110100111011110001111001
00010110110101011011110001111111
00010110110101111011110001111101
00010110110110011011110001110011
00010110110111111011110001110101
00010110111101011011110001011111
00010110111101111011110001011101
00010111000101111011110110111101
00010111000111111011110110110101
00010111001110011011110110010011
00010111001111011011110110010111
00010111010001111011110111101101
00010111010011011011110111100111
00010111010100011011110111111011
00010111010110011011110111110011
00010111010111111011110111110101
00010111011001011011110111001111
00010111011011011011110111000111
00010111011100111011110111011001
00010111011101111011110111011101
00010111011111011011110111010111
00010111011111111011110111010101
00010111100011111011110100100101
00010111100100011011110100111011
00010111101100111011110100011001
00010111101101111011110100011101
00010111110001111011110101101101
00010111110101011011110101111111
00010111111011011011110101000111
00010111111111011011110101010111
00010111111111111011110101010101
00011000110001100100110110010011
00011000110011111011001001100101
00011000110100011011001001111011
00011000111010100100110110111111
00011000111011011011001001000111
00011000111111011011001001010111
00011001000110011011001110110011
00011001000111011011001110110111
00011001000111111011001110110101
00011001001001011011001110001111
00011001001001111011001110001101
00011001001100111011001110011001
00011001001101111011001110011101
00011001001111111011001110010101
00011001010001111011001111101101
00011001010011011011001111100111
00011001010111111011001111110101
00011001100110011011001100110011
00011001100110100100110011001111
00011001100111111011001100110101
00011001101111100100110011101011
00011001110001111011001101101101
00011001110010100100110010011111
00011001110011100100110010011011
00011001110101011011001101111111
00011001110110100100110010001111
00011001110111111011001101110101
00011001111001011011001101001111
00011001111011011011001101000111
00011001111011100100110010111011
00011001111100100100110010100111
00011001111100111011001101011001
00011001111101111011001101011101
00011001111111100100110010101011
00011010001110100100111101101111
00011010001111100100111101101011
00011010011011100100111100111011
00011010101001100100111111110011
00011010101100100100111111100111
00011010101110100100111111101111
00011010101111100100111111101011
00011010110010100100111110011111
00011010110110100100111110001111
00011010111001100100111110110011
00011010111010100100111110111111
00011010111011100100111110111011
00011010111110100100111110101111
00011010111111100100111110101011
00011011001001100100111001110011
00011011001011100100111001111011
00011011010001111011000111101101
00011011011010100100111000111111
00011011100111100100111011001011
00011011101001100100111011110011
00011011101111100100111011101011
00011011110011100100111010011011
00011011111110100100111010101111
00011100011101111011011011011101
00011100011111111011011011010101
00011100100101011011011000111111
00011100101001100100100111110011
00011100101010100100100111111111
00011100101110100100100111101111
00011100110010100100100110011111
00011100110110100100100110001111
00011100110111011011011001110111
00011100110111111011011001110101
00011100111101111011011001011101
00011100111110011011011001010011
00011100111110100100100110101111
00011100111111100100100110101011
00011101001101111011011110011101
00011101010001111011011111101101
00011101010011111011011111100101
00011101010101111011011111111101
00011101010111111011011111110101
00011101011000111011011111001001
00011101011001111011011111001101
00011101011101111011011111011101
00011101100100111011011100111001
00011101110011011011011101100111
00011101110100111011011101111001
00011101110101011011011101111111
00011101110111011011011101110111
00011101111001011011011101001111
00011101111001111011011101001101
00011110001111100100101101101011
00011110010011111011010011100101
00011110010110011011010011110011
00011110010111011011010011110111
00011110011001100100101100110011
00011110011010100100101100111111
00011110011101011011010011011111
00011110011101111011010011011101
00011110101010100100101111111111
00011110101011100100101111111011
00011110101100100100101111100111
00011110101111100100101111101011
00011110110010100100101110011111
00011110110101011011010001111111
00011110110101111011010001111101
00011110111010100100101110111111
00011110111100100100101110100111
00011110111111100100101110101011
00011111001001100100101001110011
00011111001100100100101001100111
00011111001100111011010110011001
00011111001110100100101001101111
00011111001111100100101001101011
00011111010011111011010111100101
00011111011001011011010111001111
00011111011010100100101000111111
00011111011111111011010111010101
00011111100110100100101011001111
00011111100111111011010100110101
00011111101110100100101011101111
00011111101111100100101011101011
00011111110100111011010101111001
00011111110101011011010101111111
00011111110101111011010101111101
00011111110110011011010101110011
00011111110111011011010101110111
00011111111100100100101010100111
00011111111110100100101010101111
00011111111111111011010101010101
00100110011001100111001100110011
00100110100110100111001111001111
00100111100111100111001011001011
00100111101010100111001011111111
00100111111110100111001010101111
00101001101011100111110011111011
00101001101111100111110011101011
00101010011010100111111100111111
00101010011111100111111100101011
00101010100110100111111111001111
00101010100111100111111111001011
00101010101010100111111111111111
00101010101011100111111111111011
00101010101111100111111111101011
00101010111010100111111110111111
00101011100111100111111011001011
00101011101001100111111011110011
00101011101010100111111011111111
00101011101011100111111011111011
00101011101110100111111011101111
00101011101111100111111011101011
00101011111110100111111010101111
00101100101110100111100111101111
00101100111001100111100110110011
00101100111110100111100110101111
00101110011110100111101100101111
00101110100110100111101111001111
00101110101001100111101111110011
00101110101110100111101111101111
00101110101111100111101111101011
00101110111010100111101110111111
00101110111011100111101110111011
00101110111110100111101110101111
00101110111111100111101110101011
00101111001110100111101001101111
00101111100110100111101011001111
00101111101110100111101011101111
00101111101111100111101011101011
00101111111010100111101010111111
00110011010111011001100111110111
00110011011001111001100111001101
00110011011101011001100111011111
00110100110111111001111001110101
00110101011101111001111111011101
00110101110101111001111101111101
00110101110111011001111101110111
00110101110111111001111101110101
00110101111101111001111101011101
00110101111111111001111101010101
00110111011101011001110111011111
00110111011101111001110111011101
00110111110111111001110101110101
00110111111111111001110101010101
01010101010101011111111111111111
01010101011101011111111111011111
01010101011111011111111111010111
01010101110101011111111101111111
01010101111111011111111101010111
01010111010111011111110111110111
01010111011111011111110111010111
01010111110101011111110101111111
01011101110111011111011101110111

