Summary of sequences of small complexity=19 which yield debruijn sequences:
Total number of sequences in this file: 2574
00000010000001001001101110011101
00000010000001010110010001100011
00000010000001011100111011001001
00000010000001100011000100110101
00000010000001101001101110011111
00000010000001111100111011001011
00000010000010000011000100111011
00000010000010001001101110010001
00000010000010010110010001101111
00000010000010011100111011000101
00000010000010100011000100111001
00000010000010101001101110010011
00000010000010111100111011000111
00000010000011000011000100111111
00000010000011001001101110010101
00000010000011010110010001101011
00000010000011011100111011000001
00000010000011100011000100111101
00000010000011101001101110010111
00000010000011111100111011000011
00000010000100000011000100100011
00000010000100001001101110001001
00000010000100010110010001110111
00000010000100011100111011011101
00000010000100100011000100100001
00000010000100101001101110001011
00000010000100111100111011011111
00000010000101000011000100100111
00000010000101001001101110001101
00000010000101011100111011011001
00000010000101101001101110001111
00000010000101111100111011011011
00000010000110100011000100101001
00000010000110110110010001111101
00000010000111000011000100101111
00000010000111001001101110000101
00000010000111010110010001111011
00000010000111100011000100101101
00000010000111110110010001111001
00000010001000001001101110111001
00000010001000010110010001000111
00000010001000011100111011101101
00000010001000100011000100010001
00000010001000101001101110111011
00000010001000110110010001000101
00000010001001101001101110111111
00000010001001110110010001000001
00000010001001111100111011101011
00000010001010000011000100011011
00000010001010010110010001001111
00000010001010100011000100011001
00000010001010101001101110110011
00000010001010111100111011100111
00000010001011000011000100011111
00000010001011001001101110110101
00000010001011100011000100011101
00000010001011101001101110110111
00000010001011110110010001001001
00000010001011111100111011100011
00000010001100000011000100000011
00000010001100001001101110101001
00000010001100011100111011111101
00000010001100101001101110101011
00000010001100110110010001010101
00000010001101000011000100000111
00000010001101011100111011111001
00000010001101100011000100000101
00000010001110010110010001011111
00000010001110011100111011110101
00000010001110100011000100001001
00000010001110101001101110100011
00000010001110110110010001011101
00000010001110111100111011110111
00000010001111000011000100001111
00000010001111001001101110100101
00000010001111010110010001011011
00000010001111101001101110100111
00000010001111110110010001011001
00000010010000001001101111011001
00000010010000010110010000100111
00000010010000011100111010001101
00000010010000100011000101110001
00000010010000101001101111011011
00000010010000110110010000100101
00000010010001000011000101110111
00000010010001011100111010001001
00000010010001100011000101110101
00000010010001101001101111011111
00000010010001110110010000100001
00000010010001111100111010001011
00000010010010000011000101111011
00000010010010001001101111010001
00000010010010011100111010000101
00000010010010100011000101111001
00000010010010101001101111010011
00000010010010110110010000101101
00000010010010111100111010000111
00000010010011001001101111010101
00000010010011010110010000101011
00000010010011100011000101111101
00000010010011110110010000101001
00000010010100001001101111001001
00000010010100010110010000110111
00000010010100011100111010011101
00000010010100100011000101100001
00000010010100101001101111001011
00000010010100110110010000110101
00000010010100111100111010011111
00000010010101000011000101100111
00000010010101100011000101100101
00000010010101101001101111001111
00000010010101110110010000110001
00000010010101111100111010011011
00000010010110010110010000111111
00000010010110100011000101101001
00000010010110101001101111000011
00000010010110110110010000111101
00000010010110111100111010010111
00000010010111000011000101101111
00000010010111001001101111000101
00000010010111010110010000111011
00000010010111101001101111000111
00000010010111110110010000111001
00000010011000001001101111111001
00000010011000011100111010101101
00000010011000100011000101010001
00000010011000101001101111111011
00000010011000111100111010101111
00000010011001000011000101010111
00000010011010001001101111110001
00000010011010010110010000001111
00000010011010100011000101011001
00000010011010101001101111110011
00000010011010110110010000001101
00000010011010111100111010100111
00000010011011000011000101011111
00000010011011001001101111110101
00000010011011010110010000001011
00000010011011011100111010100001
00000010011011100011000101011101
00000010011011101001101111110111
00000010011011111100111010100011
00000010011100000011000101000011
00000010011100001001101111101001
00000010011100010110010000010111
00000010011100011100111010111101
00000010011100100011000101000001
00000010011100101001101111101011
00000010011100110110010000010101
00000010011100111100111010111111
00000010011101000011000101000111
00000010011101011100111010111001
00000010011101100011000101000101
00000010011101101001101111101111
00000010011101110110010000010001
00000010011101111100111010111011
00000010011110000011000101001011
00000010011110001001101111100001
00000010011110010110010000011111
00000010011110011100111010110101
00000010011110100011000101001001
00000010011110111100111010110111
00000010011111010110010000011011
00000010011111011100111010110001
00000010011111100011000101001101
00000010011111101001101111100111
00000010011111110110010000011001
00000010100000100011000110110001
00000010100000101001101100011011
00000010100000110110010011100101
00000010100000111100111001001111
00000010100001000011000110110111
00000010100001010110010011100011
00000010100001011100111001001001
00000010100001100011000110110101
00000010100001101001101100011111
00000010100001110110010011100001
00000010100010000011000110111011
00000010100010001001101100010001
00000010100010010110010011101111
00000010100010011100111001000101
00000010100010100011000110111001
00000010100010101001101100010011
00000010100010110110010011101101
00000010100010111100111001000111
00000010100011000011000110111111
00000010100011001001101100010101
00000010100011010110010011101011
00000010100011011100111001000001
00000010100011100011000110111101
00000010100011101001101100010111
00000010100011110110010011101001
00000010100011111100111001000011
00000010100100001001101100001001
00000010100100010110010011110111
00000010100100101001101100001011
00000010100100110110010011110101
00000010100100111100111001011111
00000010100101001001101100001101
00000010100101010110010011110011
00000010100101100011000110100101
00000010100101101001101100001111
00000010100101110110010011110001
00000010100110010110010011111111
00000010100110100011000110101001
00000010100110101001101100000011
00000010100110111100111001010111
00000010100111001001101100000101
00000010100111010110010011111011
00000010100111100011000110101101
00000010100111101001101100000111
00000010100111111100111001010011
00000010101000001001101100111001
00000010101000010110010011000111
00000010101000011100111001101101
00000010101000110110010011000101
00000010101001010110010011000011
00000010101001100011000110010101
00000010101001101001101100111111
00000010101001110110010011000001
00000010101001111100111001101011
00000010101010000011000110011011
00000010101010001001101100110001
00000010101010010110010011001111
00000010101010110110010011001101
00000010101010111100111001100111
00000010101011000011000110011111
00000010101011001001101100110101
00000010101011010110010011001011
00000010101011110110010011001001
00000010101100001001101100101001
00000010101100010110010011010111
00000010101100011100111001111101
00000010101100101001101100101011
00000010101100110110010011010101
00000010101101000011000110000111
00000010101101001001101100101101
00000010101101011100111001111001
00000010101101100011000110000101
00000010101101101001101100101111
00000010101101110110010011010001
00000010101101111100111001111011
00000010101110000011000110001011
00000010101110010110010011011111
00000010101110011100111001110101
00000010101110100011000110001001
00000010101110101001101100100011
00000010101110110110010011011101
00000010101110111100111001110111
00000010101111000011000110001111
00000010101111001001101100100101
00000010101111010110010011011011
00000010101111011100111001110001
00000010101111100011000110001101
00000010101111101001101100100111
00000010101111110110010011011001
00000010110000011100111000001101
00000010110000110110010010100101
00000010110001000011000111110111
00000010110001001001101101011101
00000010110001010110010010100011
00000010110001011100111000001001
00000010110001100011000111110101
00000010110001101001101101011111
00000010110001110110010010100001
00000010110001111100111000001011
00000010110010000011000111111011
00000010110010010110010010101111
00000010110010100011000111111001
00000010110010110110010010101101
00000010110010111100111000000111
00000010110011001001101101010101
00000010110011100011000111111101
00000010110011101001101101010111
00000010110100000011000111100011
00000010110100001001101101001001
00000010110100010110010010110111
00000010110100100011000111100001
00000010110100101001101101001011
00000010110100110110010010110101
00000010110100111100111000011111
00000010110101000011000111100111
00000010110101001001101101001101
00000010110101011100111000011001
00000010110101100011000111100101
00000010110101101001101101001111
00000010110101111100111000011011
00000010110110000011000111101011
00000010110110010110010010111111
00000010110110011100111000010101
00000010110110101001101101000011
00000010110110110110010010111101
00000010110111000011000111101111
00000010110111001001101101000101
00000010110111010110010010111011
00000010110111011100111000010001
00000010110111100011000111101101
00000010110111101001101101000111
00000010111000010110010010000111
00000010111000100011000111010001
00000010111000101001101101111011
00000010111000111100111000101111
00000010111001001001101101111101
00000010111001010110010010000011
00000010111001011100111000101001
00000010111001111100111000101011
00000010111010000011000111011011
00000010111010001001101101110001
00000010111010010110010010001111
00000010111010100011000111011001
00000010111010101001101101110011
00000010111010110110010010001101
00000010111010111100111000100111
00000010111011000011000111011111
00000010111011001001101101110101
00000010111011010110010010001011
00000010111011011100111000100001
00000010111011100011000111011101
00000010111011111100111000100011
00000010111100000011000111000011
00000010111100001001101101101001
00000010111100100011000111000001
00000010111100101001101101101011
00000010111100111100111000111111
00000010111101000011000111000111
00000010111101001001101101101101
00000010111101011100111000111001
00000010111101100011000111000101
00000010111101101001101101101111
00000010111101111100111000111011
00000010111110001001101101100001
00000010111110011100111000110101
00000010111110100011000111001001
00000010111110101001101101100011
00000010111110110110010010011101
00000010111111010110010010011011
00000010111111011100111000110001
00000010111111100011000111001101
00000010111111111100111000110011
00000011000000110110010101100101
00000011000000111100111111001111
00000011000001001001101010011101
00000011000001010110010101100011
00000011000001101001101010011111
00000011000010010110010101101111
00000011000010011100111111000101
00000011000010100011000000111001
00000011000010101001101010010011
00000011000010110110010101101101
00000011000010111100111111000111
00000011000011000011000000111111
00000011000011001001101010010101
00000011000011011100111111000001
00000011000011100011000000111101
00000011000011101001101010010111
00000011000011110110010101101001
00000011000011111100111111000011
00000011000100010110010101110111
00000011000100011100111111011101
00000011000100110110010101110101
00000011000100111100111111011111
00000011000101001001101010001101
00000011000101010110010101110011
00000011000101011100111111011001
00000011000101101001101010001111
00000011000101110110010101110001
00000011000110101001101010000011
00000011000110110110010101111101
00000011000111001001101010000101
00000011000111010110010101111011
00000011000111011100111111010001
00000011000111101001101010000111
00000011000111111100111111010011
00000011001000101001101010111011
00000011001000110110010101000101
00000011001001010110010101000011
00000011001001101001101010111111
00000011001001110110010101000001
00000011001010010110010101001111
00000011001010011100111111100101
00000011001010111100111111100111
00000011001011010110010101001011
00000011001011101001101010110111
00000011001011110110010101001001
00000011001011111100111111100011
00000011001100010110010101010111
00000011001100011100111111111101
00000011001100101001101010101011
00000011001100111100111111111111
00000011001101101001101010101111
00000011001101110110010101010001
00000011001110010110010101011111
00000011001110101001101010100011
00000011001110110110010101011101
00000011001111001001101010100101
00000011001111010110010101011011
00000011001111101001101010100111
00000011001111110110010101011001
00000011010000010110010100100111
00000011010000011100111110001101
00000011010000110110010100100101
00000011010001000011000001110111
00000011010001001001101011011101
00000011010001011100111110001001
00000011010001100011000001110101
00000011010001101001101011011111
00000011010001110110010100100001
00000011010001111100111110001011
00000011010010000011000001111011
00000011010010010110010100101111
00000011010010100011000001111001
00000011010010101001101011010011
00000011010010110110010100101101
00000011010010111100111110000111
00000011010011000011000001111111
00000011010011001001101011010101
00000011010011010110010100101011
00000011010011110110010100101001
00000011010100001001101011001001
00000011010100010110010100110111
00000011010100011100111110011101
00000011010100101001101011001011
00000011010100110110010100110101
00000011010100111100111110011111
00000011010101000011000001100111
00000011010101010110010100110011
00000011010101101001101011001111
00000011010101110110010100110001
00000011010101111100111110011011
00000011010110000011000001101011
00000011010110001001101011000001
00000011010110010110010100111111
00000011010110011100111110010101
00000011010110110110010100111101
00000011010110111100111110010111
00000011010111000011000001101111
00000011010111001001101011000101
00000011010111011100111110010001
00000011010111100011000001101101
00000011010111101001101011000111
00000011010111110110010100111001
00000011011000001001101011111001
00000011011000010110010100000111
00000011011000011100111110101101
00000011011000100011000001010001
00000011011000110110010100000101
00000011011000111100111110101111
00000011011001001001101011111101
00000011011001011100111110101001
00000011011001100011000001010101
00000011011001101001101011111111
00000011011001111100111110101011
00000011011010000011000001011011
00000011011010001001101011110001
00000011011010010110010100001111
00000011011010101001101011110011
00000011011010111100111110100111
00000011011011000011000001011111
00000011011011001001101011110101
00000011011011011100111110100001
00000011011011100011000001011101
00000011011011101001101011110111
00000011011011110110010100001001
00000011011100001001101011101001
00000011011100010110010100010111
00000011011100011100111110111101
00000011011100100011000001000001
00000011011100111100111110111111
00000011011101000011000001000111
00000011011101001001101011101101
00000011011101010110010100010011
00000011011101011100111110111001
00000011011101100011000001000101
00000011011101110110010100010001
00000011011101111100111110111011
00000011011110000011000001001011
00000011011110001001101011100001
00000011011110010110010100011111
00000011011110011100111110110101
00000011011110100011000001001001
00000011011110101001101011100011
00000011011110110110010100011101
00000011011110111100111110110111
00000011011111000011000001001111
00000011011111001001101011100101
00000011011111100011000001001101
00000011011111101001101011100111
00000011011111110110010100011001
00000011100000011100111101001101
00000011100000100011000010110001
00000011100000101001101000011011
00000011100000110110010111100101
00000011100000111100111101001111
00000011100001001001101000011101
00000011100001010110010111100011
00000011100001011100111101001001
00000011100001100011000010110101
00000011100001101001101000011111
00000011100001111100111101001011
00000011100010000011000010111011
00000011100010001001101000010001
00000011100010010110010111101111
00000011100010011100111101000101
00000011100010100011000010111001
00000011100010110110010111101101
00000011100010111100111101000111
00000011100011000011000010111111
00000011100011001001101000010101
00000011100011010110010111101011
00000011100011011100111101000001
00000011100011100011000010111101
00000011100011101001101000010111
00000011100011110110010111101001
00000011100011111100111101000011
00000011100100001001101000001001
00000011100100011100111101011101
00000011100100100011000010100001
00000011100100101001101000001011
00000011100100110110010111110101
00000011100100111100111101011111
00000011100101000011000010100111
00000011100101010110010111110011
00000011100101011100111101011001
00000011100101101001101000001111
00000011100101110110010111110001
00000011100101111100111101011011
00000011100110000011000010101011
00000011100110010110010111111111
00000011100110011100111101010101
00000011100110100011000010101001
00000011100111010110010111111011
00000011100111011100111101010001
00000011100111100011000010101101
00000011100111110110010111111001
00000011100111111100111101010011
00000011101000001001101000111001
00000011101000010110010111000111
00000011101000101001101000111011
00000011101000110110010111000101
00000011101000111100111101101111
00000011101001000011000010010111
00000011101001010110010111000011
00000011101001011100111101101001
00000011101001101001101000111111
00000011101001110110010111000001
00000011101001111100111101101011
00000011101010010110010111001111
00000011101010011100111101100101
00000011101010100011000010011001
00000011101010101001101000110011
00000011101010110110010111001101
00000011101011000011000010011111
00000011101011001001101000110101
00000011101011101001101000110111
00000011101100001001101000101001
00000011101100010110010111010111
00000011101100101001101000101011
00000011101101001001101000101101
00000011101101010110010111010011
00000011101101011100111101111001
00000011101101100011000010000101
00000011101101110110010111010001
00000011101101111100111101111011
00000011101110000011000010001011
00000011101110001001101000100001
00000011101110010110010111011111
00000011101110011100111101110101
00000011101110100011000010001001
00000011101110101001101000100011
00000011101110111100111101110111
00000011101111001001101000100101
00000011101111010110010111011011
00000011101111011100111101110001
00000011101111100011000010001101
00000011101111110110010111011001
00000011110000010110010110100111
00000011110000100011000011110001
00000011110000101001101001011011
00000011110000110110010110100101
00000011110000111100111100001111
00000011110001001001101001011101
00000011110001010110010110100011
00000011110001100011000011110101
00000011110001101001101001011111
00000011110001110110010110100001
00000011110010000011000011111011
00000011110010001001101001010001
00000011110010011100111100000101
00000011110010101001101001010011
00000011110010110110010110101101
00000011110010111100111100000111
00000011110011001001101001010101
00000011110011010110010110101011
00000011110011101001101001010111
00000011110011110110010110101001
00000011110100011100111100011101
00000011110100100011000011100001
00000011110100101001101001001011
00000011110100110110010110110101
00000011110100111100111100011111
00000011110101001001101001001101
00000011110101010110010110110011
00000011110101011100111100011001
00000011110101111100111100011011
00000011110110000011000011101011
00000011110110001001101001000001
00000011110110010110010110111111
00000011110110100011000011101001
00000011110110101001101001000011
00000011110110110110010110111101
00000011110110111100111100010111
00000011110111000011000011101111
00000011110111001001101001000101
00000011110111100011000011101101
00000011110111101001101001000111
00000011110111110110010110111001
00000011111000001001101001111001
00000011111000010110010110000111
00000011111000011100111100101101
00000011111000100011000011010001
00000011111000101001101001111011
00000011111000110110010110000101
00000011111000111100111100101111
00000011111001000011000011010111
00000011111001010110010110000011
00000011111001011100111100101001
00000011111001100011000011010101
00000011111001101001101001111111
00000011111001111100111100101011
00000011111010000011000011011011
00000011111010001001101001110001
00000011111010010110010110001111
00000011111010011100111100100101
00000011111010100011000011011001
00000011111010101001101001110011
00000011111010110110010110001101
00000011111010111100111100100111
00000011111011000011000011011111
00000011111011001001101001110101
00000011111011010110010110001011
00000011111011011100111100100001
00000011111011100011000011011101
00000011111011101001101001110111
00000011111011110110010110001001
00000011111011111100111100100011
00000011111100001001101001101001
00000011111100010110010110010111
00000011111100011100111100111101
00000011111100100011000011000001
00000011111100101001101001101011
00000011111100110110010110010101
00000011111100111100111100111111
00000011111101000011000011000111
00000011111101001001101001101101
00000011111101010110010110010011
00000011111101011100111100111001
00000011111101100011000011000101
00000011111101101001101001101111
00000011111101110110010110010001
00000011111101111100111100111011
00000011111110000011000011001011
00000011111110010110010110011111
00000011111111001001101001100101
00000011111111010110010110011011
00000011111111101001101001100111
00000011111111111100111100110011
00000100000100011100100011011101
00000100000101110110001001110001
00000100000101111100100011011011
00000100000110000011011100101011
00000100000110101001110110000011
00000100000110110110001001111101
00000100001000011100100011101101
00000100001000100011011100010001
00000100001001011100100011101001
00000100001010011100100011100101
00000100001010111100100011100111
00000100001011001001110110110101
00000100001011100011011100011101
00000100001011111100100011100011
00000100001100010110001001010111
00000100001101000011011100000111
00000100001101001001110110101101
00000100001101011100100011111001
00000100001101111100100011111011
00000100001110011100100011110101
00000100001110100011011100001001
00000100001110101001110110100011
00000100001110110110001001011101
00000100001111100011011100001101
00000100001111110110001001011001
00000100001111111100100011110011
00000100010000111100100010001111
00000100010001010110001000100011
00000100010001110110001000100001
00000100010010100011011101111001
00000100010011000011011101111111
00000100010011101001110111010111
00000100010100011100100010011101
00000100010101011100100010011001
00000100010101100011011101100101
00000100010101101001110111001111
00000100010101111100100010011011
00000100010110000011011101101011
00000100010110101001110111000011
00000100010110111100100010010111
00000100011000101001110111111011
00000100011001011100100010101001
00000100011001101001110111111111
00000100011001111100100010101011
00000100011010010110001000001111
00000100011010100011011101011001
00000100011100001001110111101001
00000100011100010110001000010111
00000100011101001001110111101101
00000100011101100011011101000101
00000100011101101001110111101111
00000100011110000011011101001011
00000100011110011100100010110101
00000100011110100011011101001001
00000100100001000011011110110111
00000100100001010110001011100011
00000100100001110110001011100001
00000100100001111100100001001011
00000100100011000011011110111111
00000100100100010110001011110111
00000100100101110110001011110001
00000100100110100011011110101001
00000100100111001001110100000101
00000100100111111100100001010011
00000100101000010110001011000111
00000100101000111100100001101111
00000100101001010110001011000011
00000100101001011100100001101001
00000100101001111100100001101011
00000100101010001001110100110001
00000100101010010110001011001111
00000100101010100011011110011001
00000100101010111100100001100111
00000100101011000011011110011111
00000100101011001001110100110101
00000100101011100011011110011101
00000100101011110110001011001001
00000100101100001001110100101001
00000100101100011100100001111101
00000100101100111100100001111111
00000100101101000011011110000111
00000100101101010110001011010011
00000100101110001001110100100001
00000100101110110110001011011101
00000100101111000011011110001111
00000100101111011100100001110001
00000100101111100011011110001101
00000100110000010110001010100111
00000100110001000011011111110111
00000100110001001001110101011101
00000100110001100011011111110101
00000100110010001001110101010001
00000100110010010110001010101111
00000100110010101001110101010011
00000100110011100011011111111101
00000100110011110110001010101001
00000100110100100011011111100001
00000100110100101001110101001011
00000100110101100011011111100101
00000100110101110110001010110001
00000100110110010110001010111111
00000100111000001001110101111001
00000100111000101001110101111011
00000100111001001001110101111101
00000100111001010110001010000011
00000100111001100011011111010101
00000100111010101001110101110011
00000100111010110110001010001101
00000100111011000011011111011111
00000100111100010110001010010111
00000100111100111100100000111111
00000100111101001001110101101101
00000100111101011100100000111001
00000100111101110110001010010001
00000100111101111100100000111011
00000100111110001001110101100001
00000100111110111100100000110111
00000101000001010110001101100011
00000101000001011100100111001001
00000101000001100011011000110101
00000101000011010110001101101011
00000101000011100011011000111101
00000101000100010110001101110111
00000101000100011100100111011101
00000101000100101001110010001011
00000101000100111100100111011111
00000101000101110110001101110001
00000101000101111100100111011011
00000101000110011100100111010101
00000101000110101001110010000011
00000101000110110110001101111101
00000101000111000011011000101111
00000101001001001001110010111101
00000101001001010110001101000011
00000101001001100011011000010101
00000101001010101001110010110011
00000101001011111100100111100011
00000101001100011100100111111101
00000101001101110110001101010001
00000101001101111100100111111011
00000101001110001001110010100001
00000101001110111100100111110111
00000101001111110110001101011001
00000101010000110110001100100101
00000101010000111100100110001111
00000101010001101001110011011111
00000101010010101001110011010011
00000101010011000011011001111111
00000101010011100011011001111101
00000101010011101001110011010111
00000101010100011100100110011101
00000101010100110110001100110101
00000101010100111100100110011111
00000101010101000011011001100111
00000101010110000011011001101011
00000101010110010110001100111111
00000101010110101001110011000011
00000101010110110110001100111101
00000101010110111100100110010111
00000101010111000011011001101111
00000101010111001001110011000101
00000101010111010110001100111011
00000101010111110110001100111001
00000101011000011100100110101101
00000101011001000011011001010111
00000101011001001001110011111101
00000101011001011100100110101001
00000101011001100011011001010101
00000101011001101001110011111111
00000101011001111100100110101011
00000101011010001001110011110001
00000101011010101001110011110011
00000101011010111100100110100111
00000101011011000011011001011111
00000101011011011100100110100001
00000101011011100011011001011101
00000101011011101001110011110111
00000101011100111100100110111111
00000101011101001001110011101101
00000101011101101001110011101111
00000101011110001001110011100001
00000101011110010110001100011111
00000101011111000011011001001111
00000101011111010110001100011011
00000101011111100011011001001101
00000101011111101001110011100111
00000101011111110110001100011001
00000101100001000011011010110111
00000101100001010110001111100011
00000101100001101001110000011111
00000101100001110110001111100001
00000101100010100011011010111001
00000101100011000011011010111111
00000101100011110110001111101001
00000101100100010110001111110111
00000101100100011100100101011101
00000101100100110110001111110101
00000101100100111100100101011111
00000101100101111100100101011011
00000101100110000011011010101011
00000101100110010110001111111111
00000101101000011100100101101101
00000101101001010110001111000011
00000101101001101001110000111111
00000101101010010110001111001111
00000101101010111100100101100111
00000101101011000011011010011111
00000101101011001001110000110101
00000101101011011100100101100001
00000101101011101001110000110111
00000101101100010110001111010111
00000101101100011100100101111101
00000101101100101001110000101011
00000101101101001001110000101101
00000101101101011100100101111001
00000101101101111100100101111011
00000101101110000011011010001011
00000101101110001001110000100001
00000101101110011100100101110101
00000101101110110110001111011101
00000101101111011100100101110001
00000101110001000011011011110111
00000101110001001001110001011101
00000101110001101001110001011111
00000101110001110110001110100001
00000101110010001001110001010001
00000101110011000011011011111111
00000101110011001001110001010101
00000101110011010110001110101011
00000101110011110110001110101001
00000101110100011100100100011101
00000101110100100011011011100001
00000101110100110110001110110101
00000101110101001001110001001101
00000101110101010110001110110011
00000101110101011100100100011001
00000101110101111100100100011011
00000101110110100011011011101001
00000101110110101001110001000011
00000101110110110110001110111101
00000101110111001001110001000101
00000101110111010110001110111011
00000101110111100011011011101101
00000101111000101001110001111011
00000101111000110110001110000101
00000101111000111100100100101111
00000101111001100011011011010101
00000101111010011100100100100101
00000101111011100011011011011101
00000101111100001001110001101001
00000101111100110110001110010101
00000101111101001001110001101101
00000101111101011100100100111001
00000101111101100011011011000101
00000101111110011100100100110101
00000101111110111100100100110111
00000101111111001001110001100101
00000101111111110110001110011001
00000110000100011100101011011101
00000110000101100011010100100101
00000110000101101001111110001111
00000110000101111100101011011011
00000110000110011100101011010101
00000110000110100011010100101001
00000110000111000011010100101111
00000110000111011100101011010001
00000110000111100011010100101101
00000110001000100011010100010001
00000110001001111100101011101011
00000110001011011100101011100001
00000110001110000011010100001011
00000110001110001001111110100001
00000110001110100011010100001001
00000110001110111100101011110111
00000110001111000011010100001111
00000110001111001001111110100101
00000110001111100011010100001101
00000110010000011100101010001101
00000110010000101001111111011011
00000110010001101001111111011111
00000110010010101001111111010011
00000110010100001001111111001001
00000110010100101001111111001011
00000110010101000011010101100111
00000110010101011100101010011001
00000110010110011100101010010101
00000110010110100011010101101001
00000110010110111100101010010111
00000110010111111100101010010011
00000110011000101001111111111011
00000110011001000011010101010111
00000110011001101001111111111111
00000110011010000011010101011011
00000110011010011100101010100101
00000110011010101001111111110011
00000110011011000011010101011111
00000110011011100011010101011101
00000110011100111100101010111111
00000110011101000011010101000111
00000110011101011100101010111001
00000110011110001001111111100001
00000110011110011100101010110101
00000110011110111100101010110111
00000110011111111100101010110011
00000110100001010110000011100011
00000110100001111100101001001011
00000110100010000011010110111011
00000110100010010110000011101111
00000110100010011100101001000101
00000110100010110110000011101101
00000110100100001001111100001001
00000110100100010110000011110111
00000110100100101001111100001011
00000110100100111100101001011111
00000110100101011100101001011001
00000110100101101001111100001111
00000110100101110110000011110001
00000110100101111100101001011011
00000110100110111100101001010111
00000110100111000011010110101111
00000110100111101001111100000111
00000110100111111100101001010011
00000110101000011100101001101101
00000110101000111100101001101111
00000110101010000011010110011011
00000110101010001001111100110001
00000110101011000011010110011111
00000110101011001001111100110101
00000110101011100011010110011101
00000110101100001001111100101001
00000110101100111100101001111111
00000110101101100011010110000101
00000110101110101001111100100011
00000110110000101001111101011011
00000110110001001001111101011101
00000110110001100011010111110101
00000110110010001001111101010001
00000110110011000011010111111111
00000110110100101001111101001011
00000110110101001001111101001101
00000110110101111100101000011011
00000110110110101001111101000011
00000110110111001001111101000101
00000110110111111100101000010011
00000110111000111100101000101111
00000110111001100011010111010101
00000110111010111100101000100111
00000110111011100011010111011101
00000110111011101001111101110111
00000110111100011100101000111101
00000110111101000011010111000111
00000110111101001001111101101101
00000110111101011100101000111001
00000110111110001001111101100001
00000110111111001001111101100101
00000110111111011100101000110001
00000110111111101001111101100111
00000110111111111100101000110011
00000111000001110110000101100001
00000111000001111100101111001011
00000111000011110110000101101001
00000111000100010110000101110111
00000111000101010110000101110011
00000111000110010110000101111111
00000111000110100011010000101001
00000111000111010110000101111011
00000111001000101001111010111011
00000111001000111100101111101111
00000111001001101001111010111111
00000111001011000011010000011111
00000111001011001001111010110101
00000111001100001001111010101001
00000111001100110110000101010101
00000111001101001001111010101101
00000111001101010110000101010011
00000111001101111100101111111011
00000111001110001001111010100001
00000111001110011100101111110101
00000111010000100011010001110001
00000111010001101001111011011111
00000111010010001001111011010001
00000111010010010110000100101111
00000111010010100011010001111001
00000111010010101001111011010011
00000111010011001001111011010101
00000111010100100011010001100001
00000111010100101001111011001011
00000111010100110110000100110101
00000111010101010110000100110011
00000111010110011100101110010101
00000111010111000011010001101111
00000111010111011100101110010001
00000111010111100011010001101101
00000111011000011100101110101101
00000111011001001001111011111101
00000111011010010110000100001111
00000111011010101001111011110011
00000111011010110110000100001101
00000111011011110110000100001001
00000111011101000011010001000111
00000111011101100011010001000101
00000111011101111100101110111011
00000111011110011100101110110101
00000111011110100011010001001001
00000111011110101001111011100011
00000111011110110110000100011101
00000111011111001001111011100101
00000111011111100011010001001101
00000111011111110110000100011001
00000111100001000011010010110111
00000111100001010110000111100011
00000111100001111100101101001011
00000111100010001001111000010001
00000111100011001001111000010101
00000111100011110110000111101001
00000111100011111100101101000011
00000111100100110110000111110101
00000111100110100011010010101001
00000111100111000011010010101111
00000111100111011100101101010001
00000111100111100011010010101101
00000111101000101001111000111011
00000111101000110110000111000101
00000111101000111100101101101111
00000111101001000011010010010111
00000111101001001001111000111101
00000111101001010110000111000011
00000111101010010110000111001111
00000111101010100011010010011001
00000111101011010110000111001011
00000111101100001001111000101001
00000111101100010110000111010111
00000111101100101001111000101011
00000111101100110110000111010101
00000111101100111100101101111111
00000111101101101001111000101111
00000111101110010110000111011111
00000111101110011100101101110101
00000111101111011100101101110001
00000111101111101001111000100111
00000111110001100011010011110101
00000111110001101001111001011111
00000111110010110110000110101101
00000111110011001001111001010101
00000111110011010110000110101011
00000111110011110110000110101001
00000111110100011100101100011101
00000111110100101001111001001011
00000111110100110110000110110101
00000111110100111100101100011111
00000111110101001001111001001101
00000111110101010110000110110011
00000111110110010110000110111111
00000111110110011100101100010101
00000111110110111100101100010111
00000111110111000011010011101111
00000111110111001001111001000101
00000111110111110110000110111001
00000111110111111100101100010011
00000111111000011100101100101101
00000111111001100011010011010101
00000111111010100011010011011001
00000111111010101001111001110011
00000111111010110110000110001101
00000111111010111100101100100111
00000111111011000011010011011111
00000111111011001001111001110101
00000111111011110110000110001001
00000111111100001001111001101001
00000111111100101001111001101011
00000111111100110110000110010101
00000111111101000011010011000111
00000111111101101001111001101111
00000111111101110110000110010001
00000111111110011100101100110101
00000111111110110110000110011101
00000111111111010110000110011011
00000111111111011100101100110001
00000111111111100011010011001101
00000111111111111100101100110011
00001000010000101001000111011011
00001000010000110110111000100101
00001000010001011100010010001001
00001000010010001001000111010001
00001000010010111100010010000111
00001000010011100011101101111101
00001000010100010110111000110111
00001000010100111100010010011111
00001000010101101001000111001111
00001000010111101001000111000111
00001000010111110110111000111001
00001000011001101001000111111111
00001000011010111100010010100111
00001000011100001001000111101001
00001000011100011100010010111101
00001000011100101001000111101011
00001000011101100011101101000101
00001000011110010110111000011111
00001000011110011100010010110101
00001000011111000011101101001111
00001000011111001001000111100101
00001000011111111100010010110011
00001000100001010110111011100011
00001000100001100011101110110101
00001000100010001001000100010001
00001000100010011100010001000101
00001000100010111100010001000111
00001000100011000011101110111111
00001000100011010110111011101011
00001000100011101001000100010111
00001000100100001001000100001001
00001000100100011100010001011101
00001000100100110110111011110101
00001000100101000011101110100111
00001000100101011100010001011001
00001000100101110110111011110001
00001000100110110110111011111101
00001000100111100011101110101101
00001000100111110110111011111001
00001000101010010110111011001111
00001000101010100011101110011001
00001000101010110110111011001101
00001000101011001001000100110101
00001000101011010110111011001011
00001000101011110110111011001001
00001000101100010110111011010111
00001000101100011100010001111101
00001000101101001001000100101101
00001000101101100011101110000101
00001000101101101001000100101111
00001000101101110110111011010001
00001000101110010110111011011111
00001000101110101001000100100011
00001000101110110110111011011101
00001000101111010110111011011011
00001000101111110110111011011001
00001000110000100011101111110001
00001000110000101001000101011011
00001000110000110110111010100101
00001000110011000011101111111111
00001000110011001001000101010101
00001000110011110110111010101001
00001000110100001001000101001001
00001000110100101001000101001011
00001000110101000011101111100111
00001000110101100011101111100101
00001000110110010110111010111111
00001000111000110110111010000101
00001000111000111100010000101111
00001000111001001001000101111101
00001000111001011100010000101001
00001000111001100011101111010101
00001000111010010110111010001111
00001000111010011100010000100101
00001000111010111100010000100111
00001000111011110110111010001001
00001000111100011100010000111101
00001000111101011100010000111001
00001000111101101001000101101111
00001000111101110110111010010001
00001000111110101001000101100011
00001000111111010110111010011011
00001000111111011100010000110001
00001000111111100011101111001101
00001000111111101001000101100111
00001000111111110110111010011001
00001001000010011100010111000101
00001001000010100011101000111001
00001001000100011100010111011101
00001001000100110110111101110101
00001001000100111100010111011111
00001001000101000011101000100111
00001001000101011100010111011001
00001001000101100011101000100101
00001001000101110110111101110001
00001001000110110110111101111101
00001001000110111100010111010111
00001001000111000011101000101111
00001001000111010110111101111011
00001001000111100011101000101101
00001001001000010110111101000111
00001001001000011100010111101101
00001001001000101001000010111011
00001001001001001001000010111101
00001001001001010110111101000011
00001001001001011100010111101001
00001001001001100011101000010101
00001001001001111100010111101011
00001001001010001001000010110001
00001001001010100011101000011001
00001001001010110110111101001101
00001001001011001001000010110101
00001001001011110110111101001001
00001001001011111100010111100011
00001001001100011100010111111101
00001001001100110110111101010101
00001001001101001001000010101101
00001001001101011100010111111001
00001001001101110110111101010001
00001001001111001001000010100101
00001001001111111100010111110011
00001001010001001001000011011101
00001001010001111100010110001011
00001001010010010110111100101111
00001001010010111100010110000111
00001001010011000011101001111111
00001001010011010110111100101011
00001001010011110110111100101001
00001001010100010110111100110111
00001001010100111100010110011111
00001001010101010110111100110011
00001001010101011100010110011001
00001001010101100011101001100101
00001001010101110110111100110001
00001001010101111100010110011011
00001001010111000011101001101111
00001001010111110110111100111001
00001001011010010110111100001111
00001001011010110110111100001101
00001001011011000011101001011111
00001001011100011100010110111101
00001001011101111100010110111011
00001001011110010110111100011111
00001001011110100011101001001001
00001001011110111100010110110111
00001001011111000011101001001111
00001001011111010110111100011011
00001001100001011100010101001001
00001001100001100011101010110101
00001001100010110110111111101101
00001001100011100011101010111101
00001001100100011100010101011101
00001001100101110110111111110001
00001001100101111100010101011011
00001001100110100011101010101001
00001001100111011100010101010001
00001001101000100011101010010001
00001001101000110110111111000101
00001001101001111100010101101011
00001001101010010110111111001111
00001001101010111100010101100111
00001001101011010110111111001011
00001001101101000011101010000111
00001001101101110110111111010001
00001001101110011100010101110101
00001001101110100011101010001001
00001001101111000011101010001111
00001001101111100011101010001101
00001001110000110110111110100101
00001001110000111100010100001111
00001001110001100011101011110101
00001001110001111100010100001011
00001001110010010110111110101111
00001001110010100011101011111001
00001001110011100011101011111101
00001001110011110110111110101001
00001001110100111100010100011111
00001001110110011100010100010101
00001001111000011100010100101101
00001001111010110110111110001101
00001001111010111100010100100111
00001001111100110110111110010101
00001001111101011100010100111001
00001001111101110110111110010001
00001001111101111100010100111011
00001001111110010110111110011111
00001001111110011100010100110101
00001001111110100011101011001001
00001001111111010110111110011011
00001001111111100011101011001101
00001010000101110110110001110001
00001010000111011100011011010001
00001010001000100011100100010001
00001010001001000011100100010111
00001010001001111100011011101011
00001010001010101001001110110011
00001010001011101001001110110111
00001010001100011100011011111101
00001010001100101001001110101011
00001010001100111100011011111111
00001010001101111100011011111011
00001010001111000011100100001111
00001010001111001001001110100101
00001010001111100011100100001101
00001010001111110110110001011001
00001010010001000011100101110111
00001010010001011100011010001001
00001010010001101001001111011111
00001010010001111100011010001011
00001010010010101001001111010011
00001010010010110110110000101101
00001010010011100011100101111101
00001010010011101001001111010111
00001010010100010110110000110111
00001010010100110110110000110101
00001010010100111100011010011111
00001010010101110110110000110001
00001010010110010110110000111111
00001010010110011100011010010101
00001010010110110110110000111101
00001010010111001001001111000101
00001010010111010110110000111011
00001010010111100011100101101101
00001010010111101001001111000111
00001010010111110110110000111001
00001010011001011100011010101001
00001010011011000011100101011111
00001010011011100011100101011101
00001010011011111100011010100011
00001010011101101001001111101111
00001010011101111100011010111011
00001010011111011100011010110001
00001010011111111100011010110011
00001010100001011100011001001001
00001010100010100011100110111001
00001010100011100011100110111101
00001010100101010110110011110011
00001010100101100011100110100101
00001010100101101001001100001111
00001010100101111100011001011011
00001010100110110110110011111101
00001010100110111100011001010111
00001010100111110110110011111001
00001010101000010110110011000111
00001010101000011100011001101101
00001010101001010110110011000011
00001010101010001001001100110001
00001010101010101001001100110011
00001010101010111100011001100111
00001010101011000011100110011111
00001010101011001001001100110101
00001010101011010110110011001011
00001010101011101001001100110111
00001010101011110110110011001001
00001010101100010110110011010111
00001010101100011100011001111101
00001010101100111100011001111111
00001010101101000011100110000111
00001010101101010110110011010011
00001010101101111100011001111011
00001010101110010110110011011111
00001010101110110110110011011101
00001010101111011100011001110001
00001010110000110110110010100101
00001010110001000011100111110111
00001010110001001001001101011101
00001010110010001001001101010001
00001010110010100011100111111001
00001010110011000011100111111111
00001010110011001001001101010101
00001010110011010110110010101011
00001010110101011100011000011001
00001010110101101001001101001111
00001010110101111100011000011011
00001010110110010110110010111111
00001010110110101001001101000011
00001010110110110110110010111101
00001010110111100011100111101101
00001010111000010110110010000111
00001010111000111100011000101111
00001010111001001001001101111101
00001010111010100011100111011001
00001010111010101001001101110011
00001010111010111100011000100111
00001010111011000011100111011111
00001010111011100011100111011101
00001010111011110110110010001001
00001010111011111100011000100011
00001010111100010110110010010111
00001010111100011100011000111101
00001010111100101001001101101011
00001010111101001001001101101101
00001010111101011100011000111001
00001010111101110110110010010001
00001010111110101001001101100011
00001010111110110110110010011101
00001010111111111100011000110011
00001011000010110110110101101101
00001011000010111100011111000111
00001011000011101001001010010111
00001011000011110110110101101001
00001011000100011100011111011101
00001011000101011100011111011001
00001011000110110110110101111101
00001011000110111100011111010111
00001011000111010110110101111011
00001011000111110110110101111001
00001011001000111100011111101111
00001011001001010110110101000011
00001011001001111100011111101011
00001011001010111100011111100111
00001011001011110110110101001001
00001011001101010110110101010011
00001011001101011100011111111001
00001011001101110110110101010001
00001011001111011100011111110001
00001011010000110110110100100101
00001011010001010110110100100011
00001011010001011100011110001001
00001011010010001001001011010001
00001011010010010110110100101111
00001011010010100011100001111001
00001011010010110110110100101101
00001011010011010110110100101011
00001011010100011100011110011101
00001011010100101001001011001011
00001011010101000011100001100111
00001011010101111100011110011011
00001011010110010110110100111111
00001011010110101001001011000011
00001011010110110110110100111101
00001011010111000011100001101111
00001011010111011100011110010001
00001011010111100011100001101101
00001011011000011100011110101101
00001011011000111100011110101111
00001011011001101001001011111111
00001011011010010110110100001111
00001011011010011100011110100101
00001011011010110110110100001101
00001011011011001001001011110101
00001011011011100011100001011101
00001011011011111100011110100011
00001011011100111100011110111111
00001011011101111100011110111011
00001011011110011100011110110101
00001011011111010110110100011011
00001011011111110110110100011001
00001011100001111100011101001011
00001011100010010110110111101111
00001011100011000011100010111111
00001011100011010110110111101011
00001011100011100011100010111101
00001011100100110110110111110101
00001011100101111100011101011011
00001011100110010110110111111111
00001011100111000011100010101111
00001011100111100011100010101101
00001011101000011100011101101101
00001011101000100011100010010001
00001011101000111100011101101111
00001011101001010110110111000011
00001011101001101001001000111111
00001011101001111100011101101011
00001011101010011100011101100101
00001011101010100011100010011001
00001011101011000011100010011111
00001011101011001001001000110101
00001011101100010110110111010111
00001011101100110110110111010101
00001011101101010110110111010011
00001011101101101001001000101111
00001011101101110110110111010001
00001011101110011100011101110101
00001011101110100011100010001001
00001011101110111100011101110111
00001011101111100011100010001101
00001011110000110110110110100101
00001011110001010110110110100011
00001011110001100011100011110101
00001011110010110110110110101101
00001011110011101001001001010111
00001011110100011100011100011101
00001011110100101001001001001011
00001011110100110110110110110101
00001011110101011100011100011001
00001011110101111100011100011011
00001011110110010110110110111111
00001011110110011100011100010101
00001011110110100011100011101001
00001011110110101001001001000011
00001011110110111100011100010111
00001011110111000011100011101111
00001011110111101001001001000111
00001011111000100011100011010001
00001011111000111100011100101111
00001011111001100011100011010101
00001011111010001001001001110001
00001011111010011100011100100101
00001011111010110110110110001101
00001011111010111100011100100111
00001011111011001001001001110101
00001011111011101001001001110111
00001011111011110110110110001001
00001011111100110110110110010101
00001011111100111100011100111111
00001011111101011100011100111001
00001011111101100011100011000101
00001011111101110110110110010001
00001011111101111100011100111011
00001011111110100011100011001001
00001011111110111100011100110111
00001011111111000011100011001111
00001011111111010110110110011011
00001011111111111100011100110011
00001100001100010110101001010111
00001100001100101001010110101011
00001100001100110110101001010101
00001100001101001001010110101101
00001100001101010110101001010011
00001100001101101001010110101111
00001100001110101001010110100011
00001100001110110110101001011101
00001100001111000011111100001111
00001100001111010110101001011011
00001100010000110110101000100101
00001100010001000011111101110111
00001100010001010110101000100011
00001100010001100011111101110101
00001100010010001001010111010001
00001100010010110110101000101101
00001100010101100011111101100101
00001100010110110110101000111101
00001100010111000011111101101111
00001100010111100011111101101101
00001100011010001001010111110001
00001100011011001001010111110101
00001100011011101001010111110111
00001100011101000011111101000111
00001100011110100011111101001001
00001100011111000011111101001111
00001100011111010110101000011011
00001100011111101001010111100111
00001100100011101001010100010111
00001100100101010110101011110011
00001100100101101001010100001111
00001100100111000011111110101111
00001100101001000011111110010111
00001100101001101001010100111111
00001100101010110110101011001101
00001100101100010110101011010111
00001100101100110110101011010101
00001100101110110110101011011101
00001100101111001001010100100101
00001100110001000011111111110111
00001100110001100011111111110101
00001100110001101001010101011111
00001100110011001001010101010101
00001100110011100011111111111101
00001100110011101001010101010111
00001100110011110110101010101001
00001100110100101001010101001011
00001100110101000011111111100111
00001100110101010110101010110011
00001100110101100011111111100101
00001100110111001001010101000101
00001100111000101001010101111011
00001100111001101001010101111111
00001100111011001001010101110101
00001100111100101001010101101011
00001100111100110110101010010101
00001100111101010110101010010011
00001100111101101001010101101111
00001100111110010110101010011111
00001100111110100011111111001001
00001100111111000011111111001111
00001100111111010110101010011011
00001101000011100011111000111101
00001101000011101001010010010111
00001101000100010110101101110111
00001101000100101001010010001011
00001101000101100011111000100101
00001101000110010110101101111111
00001101000110100011111000101001
00001101000111010110101101111011
00001101000111101001010010000111
00001101001001001001010010111101
00001101001010001001010010110001
00001101001010010110101101001111
00001101001010101001010010110011
00001101001011100011111000011101
00001101001100010110101101010111
00001101001100110110101101010101
00001101001101001001010010101101
00001101001101110110101101010001
00001101001111110110101101011001
00001101010010110110101100101101
00001101010011110110101100101001
00001101010100110110101100110101
00001101010101000011111001100111
00001101010101101001010011001111
00001101010111001001010011000101
00001101011010100011111001011001
00001101011010101001010011110011
00001101011011001001010011110101
00001101011011100011111001011101
00001101011101000011111001000111
00001101011101100011111001000101
00001101011101101001010011101111
00001101011101110110101100010001
00001101011110100011111001001001
00001101011110110110101100011101
00001101011111000011111001001111
00001101011111100011111001001101
00001101011111101001010011100111
00001101100010110110101111101101
00001101100011100011111010111101
00001101100011110110101111101001
00001101100100010110101111110111
00001101100101000011111010100111
00001101100101010110101111110011
00001101100101110110101111110001
00001101100110100011111010101001
00001101100110110110101111111101
00001101100111100011111010101101
00001101100111110110101111111001
00001101101000101001010000111011
00001101101001000011111010010111
00001101101001100011111010010101
00001101101001101001010000111111
00001101101010010110101111001111
00001101101010100011111010011001
00001101101011100011111010011101
00001101101011101001010000110111
00001101101101110110101111010001
00001101101110010110101111011111
00001101110001101001010001011111
00001101110010010110101110101111
00001101110010100011111011111001
00001101110011100011111011111101
00001101110101000011111011100111
00001101110101100011111011100101
00001101110110010110101110111111
00001101110110100011111011101001
00001101110111100011111011101101
00001101111000101001010001111011
00001101111001100011111011010101
00001101111010101001010001110011
00001101111010110110101110001101
00001101111011010110101110001011
00001101111011110110101110001001
00001101111101100011111011000101
00001101111101101001010001101111
00001101111110010110101110011111
00001101111111000011111011001111
00001110000111010110100001111011
00001110001000100011110100010001
00001110001001000011110100010111
00001110001001001001011110111101
00001110001111001001011110100101
00001110001111101001011110100111
00001110010001100011110101110101
00001110010001101001011111011111
00001110010010100011110101111001
00001110010011000011110101111111
00001110010011100011110101111101
00001110010011101001011111010111
00001110010111101001011111000111
00001110011001100011110101010101
00001110011010001001011111110001
00001110011010100011110101011001
00001110011100101001011111101011
00001110011101000011110101000111
00001110011110101001011111100011
00001110011111000011110101001111
00001110011111100011110101001101
00001110100010001001011100010001
00001110100010101001011100010011
00001110100011000011110110111111
00001110100011100011110110111101
00001110100100110110100011110101
00001110101001000011110110010111
00001110101001001001011100111101
00001110101001100011110110010101
00001110101010101001011100110011
00001110101011010110100011001011
00001110101011101001011100110111
00001110101100010110100011010111
00001110101100110110100011010101
00001110101101010110100011010011
00001110101101110110100011010001
00001110101110100011110110001001
00001110101110110110100011011101
00001110101111001001011100100101
00001110101111100011110110001101
00001110101111101001011100100111
00001110110001101001011101011111
00001110110010010110100010101111
00001110110011001001011101010101
00001110110011100011110111111101
00001110110011101001011101010111
00001110110011110110100010101001
00001110110110100011110111101001
00001110110111001001011101000101
00001110111001001001011101111101
00001110111001101001011101111111
00001110111011010110100010001011
00001110111011100011110111011101
00001110111101000011110111000111
00001110111110010110100010011111
00001110111110101001011101100011
00001110111111000011110111001111
00001110111111010110100010011011
00001111000011110110100101101001
00001111000101011100001111011001
00001111000101110110100101110001
00001111001001011100001111101001
00001111001001101001011010111111
00001111001001111100001111101011
00001111001010111100001111100111
00001111001011001001011010110101
00001111001011010110100101001011
00001111001011111100001111100011
00001111001100011100001111111101
00001111001100101001011010101011
00001111001101101001011010101111
00001111001101110110100101010001
00001111001101111100001111111011
00001111001110111100001111110111
00001111001111010110100101011011
00001111001111110110100101011001
00001111001111111100001111110011
00001111010001001001011011011101
00001111010001100011110001110101
00001111010010001001011011010001
00001111010010110110100100101101
00001111010011100011110001111101
00001111010011110110100100101001
00001111010100010110100100110111
00001111010101101001011011001111
00001111010110010110100100111111
00001111010111010110100100111011
00001111010111100011110001101101
00001111010111110110100100111001
00001111011000101001011011111011
00001111011010001001011011110001
00001111011010101001011011110011
00001111011011100011110001011101
00001111011100101001011011101011
00001111011110110110100100011101
00001111011111001001011011100101
00001111011111100011110001001101
00001111100010100011110010111001
00001111100011110110100111101001
00001111100100010110100111110111
00001111100101010110100111110011
00001111100101100011110010100101
00001111100110100011110010101001
00001111100111010110100111111011
00001111100111110110100111111001
00001111101000101001011000111011
00001111101010101001011000110011
00001111101011101001011000110111
00001111101100110110100111010101
00001111101101110110100111010001
00001111101110100011110010001001
00001111101111001001011000100101
00001111101111010110100111011011
00001111101111101001011000100111
00001111110001001001011001011101
00001111110010010110100110101111
00001111110010101001011001010011
00001111110010110110100110101101
00001111110011100011110011111101
00001111110100110110100110110101
00001111110101101001011001001111
00001111110101110110100110110001
00001111110110110110100110111101
00001111110111010110100110111011
00001111110111100011110011101101
00001111111001100011110011010101
00001111111001101001011001111111
00001111111010101001011001110011
00001111111011010110100110001011
00001111111011101001011001110111
00001111111101001001011001101101
00001111111101100011110011000101
00001111111110110110100110011101
00010001000100010111011101110111
00010001000100011101110111011101
00010001000100110111011101110101
00010001000101011101110111011001
00010001000110010111011101111111
00010001000110111101110111010111
00010001000111010111011101111011
00010001000111111101110111010011
00010001001000110111011101000101
00010001001000111101110111101111
00010001001001111101110111101011
00010001001010111101110111100111
00010001001011111101110111100011
00010001001101011101110111111001
00010001001110010111011101011111
00010001001110101000100010100011
00010001001110111101110111110111
00010001001111101000100010100111
00010001001111110111011101011001
00010001010001010111011100100011
00010001010001011101110110001001
00010001010001111101110110001011
00010001010100111101110110011111
00010001010110111101110110010111
00010001010111001000100011000101
00010001010111111101110110010011
00010001011000111101110110101111
00010001011001101000100011111111
00010001011001111101110110101011
00010001011010111101110110100111
00010001011101111101110110111011
00010001011110010111011100011111
00010001011111001000100011100101
00010001100010011101110101000101
00010001100011010111011111101011
00010001100011110111011111101001
00010001100100110111011111110101
00010001100101010111011111110011
00010001100110010111011111111111
00010001100111111101110101010011
00010001101000110111011111000101
00010001101010110111011111001101
00010001101011110111011111001001
00010001101011111101110101100011
00010001101110110111011111011101
00010001110010010111011110101111
00010001110010110111011110101101
00010001110011110111011110101001
00010001110100110111011110110101
00010001110110010111011110111111
00010001110111110111011110111001
00010001111000111101110100101111
00010001111010010111011110001111
00010001111010110111011110001101
00010001111010111101110100100111
00010001111011110111011110001001
00010001111100011101110100111101
00010001111100110111011110010101
00010001111101011101110100111001
00010001111110111101110100110111
00010001111111111101110100110011
00010010001010101000101110110011
00010010001010111101111011100111
00010010001011101000101110110111
00010010001100010111010001010111
00010010001100110111010001010101
00010010001100111101111011111111
00010010001110010111010001011111
00010010001110011101111011110101
00010010001110101000101110100011
00010010001110110111010001011101
00010010001110111101111011110111
00010010001111101000101110100111
00010010001111111101111011110011
00010010010011001000101111010101
00010010010101001000101111001101
00010010010101011101111010011001
00010010010101111101111010011011
00010010011000101000101111111011
00010010011000111101111010101111
00010010011001101000101111111111
00010010011001111101111010101011
00010010011011001000101111110101
00010010011101001000101111101101
00010010011101011101111010111001
00010010011101101000101111101111
00010010011101111101111010111011
00010010011110101000101111100011
00010010011111001000101111100101
00010010100011110111010011101001
00010010100100110111010011110101
00010010100110111101111001010111
00010010100111010111010011111011
00010010101001001000101100111101
00010010101001011101111001101001
00010010101010011101111001100101
00010010101011010111010011001011
00010010101100101000101100101011
00010010101101101000101100101111
00010010101111001000101100100101
00010010101111010111010011011011
00010010110001010111010010100011
00010010110001101000101101011111
00010010110011001000101101010101
00010010110011010111010010101011
00010010110011101000101101010111
00010010110011110111010010101001
00010010110100110111010010110101
00010010110101101000101101001111
00010010110110110111010010111101
00010010110111010111010010111011
00010010110111110111010010111001
00010010111001001000101101111101
00010010111001011101111000101001
00010010111001111101111000101011
00010010111010101000101101110011
00010010111100101000101101101011
00010010111100110111010010010101
00010010111100111101111000111111
00010010111101001000101101101101
00010010111101111101111000111011
00010010111110010111010010011111
00010010111110011101111000110101
00010010111110111101111000110111
00010010111111010111010010011011
00010010111111101000101101100111
00010011000100111101111111011111
00010011000110110111010101111101
00010011001000111101111111101111
00010011001001001000101010111101
00010011001001101000101010111111
00010011001010010111010101001111
00010011001011001000101010110101
00010011001011101000101010110111
00010011001011110111010101001001
00010011001100011101111111111101
00010011001100101000101010101011
00010011001100110111010101010101
00010011001100111101111111111111
00010011001101001000101010101101
00010011001101010111010101010011
00010011001101101000101010101111
00010011001101111101111111111011
00010011001110010111010101011111
00010011001110011101111111110101
00010011001111001000101010100101
00010011001111101000101010100111
00010011010001111101111110001011
00010011010011001000101011010101
00010011010011101000101011010111
00010011010100010111010100110111
00010011010100011101111110011101
00010011010100110111010100110101
00010011010101111101111110011011
00010011010110010111010100111111
00010011010111001000101011000101
00010011010111010111010100111011
00010011011000101000101011111011
00010011011000111101111110101111
00010011011001001000101011111101
00010011011010101000101011110011
00010011011011101000101011110111
00010011011110111101111110110111
00010011011111111101111110110011
00010011100111111101111101010011
00010011101001011101111101101001
00010011101010110111010111001101
00010011101010111101111101100111
00010011101011001000101000110101
00010011101011110111010111001001
00010011101111010111010111011011
00010011101111111101111101110011
00010011110001010111010110100011
00010011110011001000101001010101
00010011110101001000101001001101
00010011110101111101111100011011
00010011110110011101111100010101
00010011110110110111010110111101
00010011111001001000101001111101
00010011111001111101111100101011
00010011111011101000101001110111
00010011111100101000101001101011
00010011111101111101111100111011
00010011111111101000101001100111
00010100011000101000110111111011
00010100011000111101100010101111
00010100011001001000110111111101
00010100011001101000110111111111
00010100011001111101100010101011
00010100011010101000110111110011
00010100011011001000110111110101
00010100011011101000110111110111
00010100011101111101100010111011
00010100011110101000110111100011
00010100011111111101100010110011
00010100100111010111001011111011
00010100101010010111001011001111
00010100101010101000110100110011
00010100101010110111001011001101
00010100101011101000110100110111
00010100101100010111001011010111
00010100101100101000110100101011
00010100101101010111001011010011
00010100101101101000110100101111
00010100101110101000110100100011
00010100101111101000110100100111
00010100110001010111001010100011
00010100110011001000110101010101
00010100110011010111001010101011
00010100110011110111001010101001
00010100110100101000110101001011
00010100110101001000110101001101
00010100111010110111001010001101
00010100111011010111001010001011
00010100111101001000110101101101
00010100111101010111001010010011
00010100111111001000110101100101
00010101000110010111001101111111
00010101000111110111001101111001
00010101000111111101100111010011
00010101001001011101100111101001
00010101001001111101100111101011
00010101001010010111001101001111
00010101001010101000110010110011
00010101001011101000110010110111
00010101001100010111001101010111
00010101001101010111001101010011
00010101001101101000110010101111
00010101001101111101100111111011
00010101001110101000110010100011
00010101001111111101100111110011
00010101010001101000110011011111
00010101010001111101100110001011
00010101010010101000110011010011
00010101010100010111001100110111
00010101010100011101100110011101
00010101010100101000110011001011
00010101010101010111001100110011
00010101010101011101100110011001
00010101010101101000110011001111
00010101010110111101100110010111
00010101011000111101100110101111
00010101011010101000110011110011
00010101011010111101100110100111
00010101011011001000110011110101
00010101011011111101100110100011
00010101011101001000110011101101
00010101011110010111001100011111
00010101011110110111001100011101
00010101011111111101100110110011
00010101100011010111001111101011
00010101100011110111001111101001
00010101100100010111001111110111
00010101100100011101100101011101
00010101100100110111001111110101
00010101100101010111001111110011
00010101100101011101100101011001
00010101100110010111001111111111
00010101100110111101100101010111
00010101101001011101100101101001
00010101101010110111001111001101
00010101101010111101100101100111
00010101101011010111001111001011
00010101101100010111001111010111
00010101101100111101100101111111
00010101101110111101100101110111
00010101101111010111001111011011
00010101110001010111001110100011
00010101110101010111001110110011
00010101110110110111001110111101
00010101111000111101100100101111
00010101111001001000110001111101
00010101111001011101100100101001
00010101111010111101100100100111
00010101111011101000110001110111
00010101111100010111001110010111
00010101111101010111001110010011
00010101111110011101100100110101
00010101111111101000110001100111
00010101111111110111001110011001
00010101111111111101100100110011
00010110001011101000111110110111
00010110001011111101101011100011
00010110001100111101101011111111
00010110001101001000111110101101
00010110001101111101101011111011
00010110001110111101101011110111
00010110010001101000111111011111
00010110010011001000111111010101
00010110010100111101101010011111
00010110011001001000111111111101
00010110011001101000111111111111
00010110011010011101101010100101
00010110011011111101101010100011
00010110011101011101101010111001
00010110011101101000111111101111
00010110011110011101101010110101
00010110011110111101101010110111
00010110100100111101101001011111
00010110100110111101101001010111
00010110101010101000111100110011
00010110101100011101101001111101
00010110101100111101101001111111
00010110101101001000111100101101
00010110101101111101101001111011
00010110101110101000111100100011
00010110110010101000111101010011
00010110110011001000111101010101
00010110110011101000111101010111
00010110110100101000111101001011
00010110110101001000111101001101
00010110111000111101101000101111
00010110111001001000111101111101
00010110111001101000111101111111
00010110111011101000111101110111
00010110111100011101101000111101
00010110111101101000111101101111
00010110111111101000111101100111
00010111000101111101101111011011
00010111000110011101101111010101
00010111000110111101101111010111
00010111001011001000111010110101
00010111001100011101101111111101
00010111001101001000111010101101
00010111001101101000111010101111
00010111001110101000111010100011
00010111001111101000111010100111
00010111001111111101101111110011
00010111010001101000111011011111
00010111010010101000111011010011
00010111010011001000111011010101
00010111010100101000111011001011
00010111010101111101101110011011
00010111011000111101101110101111
00010111011010111101101110100111
00010111011011001000111011110101
00010111011011101000111011110111
00010111011101101000111011101111
00010111011110101000111011100011
00010111011110111101101110110111
00010111011111001000111011100101
00010111100111010111000111111011
00010111101001011101101101101001
00010111101001111101101101101011
00010111101011010111000111001011
00010111101011111101101101100011
00010111101100011101101101111101
00010111101101011101101101111001
00010111101110011101101101110101
00010111110010110111000110101101
00010111110011001000111001010101
00010111110011101000111001010111
00010111110100101000111001001011
00010111110101010111000110110011
00010111110101011101101100011001
00010111110101111101101100011011
00010111110110010111000110111111
00010111110110110111000110111101
00010111111000111101101100101111
00010111111010111101101100100111
00010111111101001000111001101101
00010111111101101000111001101111
00010111111110010111000110011111
00010111111110101000111001100011
00010111111110110111000110011101
00010111111111001000111001100101
00010111111111010111000110011011
00010111111111110111000110011001
00010111111111111101101100110011
00011000110010010111111010101111
00011000110110110111111010111101
00011000111010110111111010001101
00011000111101010111111010010011
00011001000111110111111101111001
00011001001000111101010111101111
00011001001010011101010111100101
00011001001101111101010111111011
00011001001110011101010111110101
00011001001110111101010111110111
00011001010100011101010110011101
00011001010101011101010110011001
00011001010110011101010110010101
00011001010111110111111100111001
00011001011000111101010110101111
00011001011010011101010110100101
00011001100100110111111111110101
00011001100100111101010101011111
00011001100110010111111111111111
00011001100110011101010101010101
00011001100110110111111111111101
00011001100111010111111111111011
00011001101100011101010101111101
00011001101100110111111111010101
00011001101101111101010101111011
00011001101110011101010101110101
00011001101110111101010101110111
00011001101111110111111111011001
00011001110100111101010100011111
00011001110111110111111110111001
00011001111100110111111110010101
00011001111101111101010100111011
00011001111110010111111110011111
00011001111110011101010100110101
00011001111110110111111110011101
00011001111110111101010100110111
00011010001101111101011011111011
00011010001110111101011011110111
00011010001111111101011011110011
00011010010100011101011010011101
00011010010101111101011010011011
00011010010110111101011010010111
00011010011000111101011010101111
00011010011001011101011010101001
00011010011010111101011010100111
00011010011100011101011010111101
00011010011100111101011010111111
00011010011110011101011010110101
00011010011110111101011010110111
00011010100011010111110011101011
00011010100011110111110011101001
00011010100100111101011001011111
00011010100110010111110011111111
00011010100111010111110011111011
00011010100111110111110011111001
00011010101000111101011001101111
00011010101001011101011001101001
00011010101010010111110011001111
00011010101010011101011001100101
00011010101010111101011001100111
00011010101011110111110011001001
00011010101100111101011001111111
00011010110110010111110010111111
00011010110110110111110010111101
00011010111100110111110010010101
00011010111101111101011000111011
00011010111110010111110010011111
00011010111110111101011000110111
00011011000110110111110101111101
00011011000111110111110101111001
00011011001000111101011111101111
00011011001001011101011111101001
00011011001011010111110101001011
00011011001011110111110101001001
00011011001100011101011111111101
00011011001110110111110101011101
00011011001111110111110101011001
00011011010100011101011110011101
00011011010110010111110100111111
00011011010111010111110100111011
00011011011001011101011110101001
00011011011010111101011110100111
00011011011101011101011110111001
00011011011110011101011110110101
00011011011110110111110100011101
00011011100011110111110111101001
00011011100101010111110111110011
00011011100101011101011101011001
00011011100101111101011101011011
00011011100110010111110111111111
00011011100111010111110111111011
00011011100111110111110111111001
00011011101000111101011101101111
00011011101001011101011101101001
00011011101011110111110111001001
00011011101110010111110111011111
00011011110010010111110110101111
00011011110010110111110110101101
00011011110100111101011100011111
00011011110101010111110110110011
00011011111001011101011100101001
00011011111001111101011100101011
00011011111010010111110110001111
00011011111010011101011100100101
00011011111100011101011100111101
00011011111100110111110110010101
00011011111100111101011100111111
00011011111101010111110110010011
00011011111101111101011100111011
00011011111111110111110110011001
00011011111111111101011100110011
00011100100100110111101011110101
00011100100110110111101011111101
00011100101010010111101011001111
00011100101011010111101011001011
00011100101100110111101011010101
00011100101110110111101011011101
00011100101111010111101011011011
00011100110011010111101010101011
00011100110100110111101010110101
00011100110111110111101010111001
00011101000111010111101101111011
00011101001010010111101101001111
00011101001011010111101101001011
00011101001100110111101101010101
00011101001101111101000111111011
00011101001110010111101101011111
00011101001110011101000111110101
00011101001111111101000111110011
00011101010010110111101100101101
00011101010011110111101100101001
00011101010100110111101100110101
00011101011110010111101100011111
00011101100011110111101111101001
00011101100101010111101111110011
00011101100110010111101111111111
00011101101010010111101111001111
00011101101010110111101111001101
00011101101011010111101111001011
00011101101110110111101111011101
00011101101111110111101111011001
00011101110100110111101110110101
00011101110101010111101110110011
00011101111010010111101110001111
00011101111101010111101110010011
00011110010100111101001010011111
00011110010101011101001010011001
00011110010110011101001010010101
00011110010110111101001010010111
00011110011001111101001010101011
00011110011010011101001010100101
00011110011010111101001010100111
00011110011110111101001010110111
00011110100100110111100011110101
00011110100100111101001001011111
00011110100110110111100011111101
00011110101101111101001001111011
00011110111100111101001000111111
00011111001001011101001111101001
00011111001001111101001111101011
00011111001010010111100101001111
00011111001010110111100101001101
00011111001111111101001111110011
00011111010010010111100100101111
00011111010010110111100100101101
00011111010011010111100100101011
00011111010101010111100100110011
00011111010101011101001110011001
00011111010110010111100100111111
00011111010110111101001110010111
00011111011101111101001110111011
00011111100100111101001101011111
00011111100101011101001101011001
00011111100101111101001101011011
00011111100110010111100111111111
00011111100111010111100111111011
00011111101001111101001101101011
00011111101011010111100111001011
00011111110010110111100110101101
00011111110011010111100110101011
00011111110100110111100110110101
00011111111001111101001100101011
00011111111100111101001100111111
00011111111101111101001100111011
00011111111110011101001100110101
00011111111110111101001100110111
00011111111111110111100110011001
00011111111111111101001100110011
00100100101010101011110100110011
00100100101111101011110100100111
00100100110010101011110101010011
00100100110011001011110101010101
00100100110011101011110101010111
00100100110101101011110101001111
00100100111001001011110101111101
00100100111010101011110101110011
00100100111100101011110101101011
00100101001001101011110010111111
00100101001001111110100111101011
00100101001010111110100111100111
00100101001011001011110010110101
00100101001011101011110010110111
00100101001101101011110010101111
00100101001111111110100111110011
00100101010011101011110011010111
00100101010100101011110011001011
00100101010100111110100110011111
00100101010101111110100110011011
00100101011001101011110011111111
00100101011010011110100110100101
00100101011011001011110011110101
00100101011100111110100110111111
00100101011101111110100110111011
00100101011110011110100110110101
00100101100110111110100101010111
00100101101010111110100101100111
00100101111101111110100100111011
00100101111110111110100100110111
00100101111111111110100100110011
00100110010101101011111111001111
00100110010101111110101010011011
00100110010110111110101010010111
00100110011101101011111111101111
00100110011111001011111111100101
00100110100110011110101001010101
00100110101010111110101001100111
00100110101011101011111100110111
00100110101100111110101001111111
00100110101101111110101001111011
00100110101110111110101001110111
00100110110010101011111101010011
00100110110011001011111101010101
00100110110101101011111101001111
00100110111011001011111101110101
00100110111011101011111101110111
00100110111100101011111101101011
00100110111101101011111101101111
00100111001010111110101111100111
00100111001011101011111010110111
00100111001100101011111010101011
00100111001100111110101111111111
00100111001101001011111010101101
00100111001111001011111010100101
00100111001111101011111010100111
00100111010010101011111011010011
00100111010100111110101110011111
00100111010101001011111011001101
00100111010101101011111011001111
00100111010110011110101110010101
00100111011001111110101110101011
00100111011010011110101110100101
00100111011010111110101110100111
00100111011100101011111011101011
00100111011101111110101110111011
00100111100101111110101101011011
00100111100110111110101101010111
00100111100111111110101101010011
00100111101010011110101101100101
00100111101101111110101101111011
00100111101111111110101101110011
00100111110011001011111001010101
00100111110011101011111001010111
00100111111011001011111001110101
00100111111100101011111001101011
00100111111110011110101100110101
00100111111111101011111001100111
00101001010011010100111100101011
00101001010101010100111100110011
00101001010110110100111100111101
00101001011001111110010110101011
00101001011100111110010110111111
00101001011110011110010110110101
00101001100101111110010101011011
00101001100110011110010101010101
00101001100110111110010101010111
00101001101010110100111111001101
00101001101101010100111111010011
00101001110101010100111110110011
00101001111110110100111110011101
00101010010110111110011010010111
00101010011001111110011010101011
00101010011010101011001111110011
00101010011010111110011010100111
00101010011011101011001111110111
00101010011100101011001111101011
00101010011101001011001111101101
00101010011101111110011010111011
00101010100101111110011001011011
00101010100110110100110011111101
00101010101001101011001100111111
00101010101001111110011001101011
00101010101010101011001100110011
00101010101010110100110011001101
00101010101011010100110011001011
00101010101100101011001100101011
00101010101101101011001100101111
00101010101101111110011001111011
00101010110100110100110010110101
00101010110111010100110010111011
00101010111001101011001101111111
00101010111101001011001101101101
00101011001010110100110101001101
00101011001010111110011111100111
00101011001011001011001010110101
00101011001011010100110101001011
00101011001011101011001010110111
00101011001111111110011111110011
00101011010010110100110100101101
00101011010011001011001011010101
00101011010100110100110100110101
00101011010101010100110100110011
00101011010111010100110100111011
00101011011010111110011110100111
00101011011101111110011110111011
00101011100110110100110111111101
00101011101011010100110111001011
00101011101101010100110111010011
00101011101101111110011101111011
00101011101110110100110111011101
00101011101110111110011101110111
00101011110110110100110110111101
00101011111110110100110110011101
00101100101101001011010100101101
00101100110011001011010101010101
00101100111111101011010101100111
00101101100111010100101111111011
00101101101100110100101111010101
00101101101111010100101111011011
00101101110111010100101110111011
00101101111111010100101110011011
00101110011111101011011111100111
00101110111011101011011101110111
00101111001101101011011010101111
00101111001111101011011010100111
00101111111001101011011001111111
00110011001100110101010101010101
00110011001100111111111111111111
00110011001101101010101010101111
00110011001101111111111111111011
00110011001111010101010101011011
00110011010100110101010100110101
00110011010110110101010100111101
00110011011001101010101011111111
00110011011011101010101011110111
00110011011100111111111110111111
00110011101110111111111101110111
00110011101111010101010111011011
00110011111100111111111100111111
00110011111101101010101001101111
00110011111101111111111100111011
00110011111110011111111100110101
00110011111111010101010110011011
00110100111001101010110101111111
00110101001110011111100111110101
00110101001110110101001101011101
00110101100111010101001111111011
00110110101100111111101001111111
00110110110011101010111101010111
00110111011110011111101110110101
00110111101100111111101101111111
00110111101110011111101101110101
00110111101110111111101101110111
00110111111011101010111001110111
00111001111110110101111110011101
00111010101110111111011001110111
00111011011110111111011110110111
00111011101101111111011101111011
00111011101110011111011101110101
00111011101110110101110111011101
00111101001111010101101101011011
01101110111011101111011101110111

