Summary of sequences of small complexity=12 which DO NOT yield debruijn sequences:
Total number of sequences in this file: 100
0000000000010001
0000000001110111
0000000010111011
0000000011011101
0000000100100011
0000000101000101
0000000110001001
0000000111101111
0000001000010011
0000001001110101
0000001010111001
0000001011011111
0000001100100001
0000001101000111
0000001110001011
0000001111101101
0000010010111111
0000010011011001
0000011111101001
0000100001111111
0000100011010101
0000100100101011
0000100101001101
0000100111100111
0000101000011011
0000101001111101
0000101010110001
0000101011010111
0000101100101001
0000101101001111
0000101111100101
0000110001111011
0000110010110111
0000110100101111
0000110101001001
0000110111100011
0000111000011111
0000111001111001
0000111010110101
0000111011010011
0000111100101101
0000111101001011
0001000100110011
0001000101010101
0001000110011001
0001000111111111
0001001001100101
0001001010101001
0001001011001111
0001001101010111
0001001110011011
0001001111111101
0001010001100011
0001010010101111
0001010011001001
0001010100110111
0001010110011101
0001010111111011
0001011010101101
0001011100110101
0001011101010011
0001011110011111
0001011111111001
0001100101011101
0001100111110111
0001101011000111
0001101100111001
0001101101011111
0001101111110101
0001110010100111
0001110101011001
0001110110010101
0001110111110011
0001111001101001
0001111010100101
0001111100111101
0001111101011011
0010010010011111
0010010110101101
0010010111001011
0010011010011101
0010011011111011
0010011110101111
0010100101101101
0010101001011101
0010101101101111
0010111011110011
0010111101101011
0010111110100111
0011001111011101
0011010110111101
0011010111011011
0011011011101011
0011100111010111
0011101101111111
0011110110110101
0011111110110111
0101010101110111
0101011111011111
0101110101111111
