Summary of sequences of small complexity=4 which yield debruijn sequences:
Total number of sequences in this file: 500
00104
00203
00122
00113
00140
00221
00032
00041
00023
00014
00230
00244
00311
00302
00334
00320
00401
00410
00442
00433
01031
01013
01040
01121
01112
01004
01130
01211
01202
01144
01243
01220
01301
01342
01333
01423
01400
01414
01432
02012
02021
02102
02003
02030
02111
02134
02143
02210
01324
02224
02233
02242
02300
02314
02404
02323
02341
02422
02440
03020
03034
03043
03124
03101
03110
03002
03133
02431
03200
03214
03232
03241
03313
03403
03340
03331
03322
03421
03444
04042
04024
04010
04100
04001
04123
04132
04204
04141
04231
04213
04222
04303
04312
04330
04344
03412
04420
04411
04434
04443
10103
10112
10022
10031
10040
10004
10121
10130
10211
10202
10234
10310
10324
10333
10342
10400
10414
10423
10441
11003
11021
11044
11102
11012
11120
11134
10243
11143
11201
11210
11224
11233
11300
11314
11341
11332
11413
11422
11431
12011
11440
12020
12034
12043
12110
12101
12124
12142
12200
12223
12232
12241
12313
12304
12322
12331
12412
12430
12444
13010
13042
13033
13001
13114
13123
13132
13141
13204
12403
13213
13222
13240
13303
13330
13321
13344
13402
13411
14014
13434
14023
14000
14032
14104
14113
14131
14140
14212
14221
14230
14244
14302
14311
14320
13420
14343
14401
14433
14424
14442
20111
20012
20120
20044
20030
20003
20201
20134
20143
20210
20224
20323
20242
20300
20332
20341
20404
20413
20422
20431
21020
21034
21011
21002
21101
21110
21133
21214
21223
21142
21232
21241
21304
21322
21313
21340
21403
21421
21430
21444
22024
22033
22100
22001
22042
22114
22123
22132
22204
22213
22240
22231
22312
22321
22330
22344
22402
22411
22420
22443
23014
23104
23023
23122
23041
23000
23131
23140
23203
23212
23221
23311
23230
23302
23343
23334
23410
23424
23442
23433
24013
24031
24022
24040
24103
24112
24121
24144
24220
24202
24234
24301
24243
24324
24333
24400
24414
24432
24441
30101
30124
30011
30043
30020
30133
30142
30002
24310
30200
30214
30223
30232
30313
30304
30331
30340
30412
30430
30444
31010
31024
31042
31033
31100
31123
31114
31141
31204
30421
31231
31222
31240
31303
31321
31312
31330
31402
31411
31434
31443
32032
32014
32000
32113
32041
32122
32131
32140
32203
32212
32244
32221
32302
32343
32320
32334
32401
32410
32424
32433
33013
33022
33103
33004
33112
33130
33031
33144
33211
33220
33234
33243
33301
33310
33400
33324
33342
33423
33432
33441
34021
34030
34044
34102
34111
34120
34003
34134
34210
34233
34314
34242
34323
34341
34332
34404
34413
34422
34440
34201
40100
40114
40010
40033
40024
40132
40001
40141
40213
40240
40222
40231
40303
40321
40312
40344
40402
40420
40434
40443
41023
41000
41032
41041
41104
41113
41122
41131
41203
41212
41230
41244
41311
41320
41334
41343
41401
41410
41424
41442
42004
42022
42103
42040
42121
42130
42144
42202
42211
42301
42220
42234
42310
42333
42342
42414
42013
42423
42432
42441
43021
43044
43012
43030
43102
43111
43143
43201
43224
43242
43233
43300
43314
43323
43332
43404
43413
43120
43431
43440
44011
44034
44043
44002
44110
44124
44133
44200
44214
44142
44223
44241
44304
44322
44331
44340
44403
44421
44412
44430
