Summary of sequences of small complexity=16 which DO NOT yield debruijn sequences:
Total number of sequences in this file: 1482
0000000000000001
0000000000000111
0000000000001011
0000000000001101
0000000000010011
0000000000010101
0000000000011001
0000000000011111
0000000000100011
0000000000100101
0000000000101001
0000000000101111
0000000000110001
0000000000110111
0000000000111011
0000000000111101
0000000001000011
0000000001000101
0000000001001001
0000000001001111
0000000001010001
0000000001010111
0000000001011011
0000000001011101
0000000001100001
0000000001100111
0000000001101011
0000000001101101
0000000001110011
0000000001110101
0000000001111001
0000000001111111
0000000010000011
0000000010000101
0000000010001001
0000000010001111
0000000010010001
0000000010010111
0000000010011011
0000000010011101
0000000010100001
0000000010100111
0000000010101011
0000000010101101
0000000010110011
0000000010110101
0000000010111001
0000000010111111
0000000011000001
0000000011000111
0000000011001011
0000000011001101
0000000011010011
0000000011010101
0000000011011001
0000000011011111
0000000011100011
0000000011100101
0000000011101001
0000000011101111
0000000011110001
0000000011110111
0000000011111011
0000000011111101
0000000100000011
0000000100000101
0000000100001001
0000000100001111
0000000100010001
0000000100010111
0000000100011011
0000000100011101
0000000100100001
0000000100100111
0000000100101011
0000000100101101
0000000100110011
0000000100110101
0000000100111001
0000000100111111
0000000101000001
0000000101000111
0000000101001011
0000000101001101
0000000101010011
0000000101010101
0000000101011001
0000000101011111
0000000101100011
0000000101100101
0000000101101001
0000000101101111
0000000101110001
0000000101110111
0000000101111011
0000000101111101
0000000110000001
0000000110000111
0000000110001011
0000000110001101
0000000110010011
0000000110010101
0000000110011001
0000000110011111
0000000110100011
0000000110100101
0000000110101001
0000000110101111
0000000110110001
0000000110110111
0000000110111011
0000000110111101
0000000111000011
0000000111000101
0000000111001001
0000000111001111
0000000111010001
0000000111010111
0000000111011011
0000000111011101
0000000111100001
0000000111100111
0000000111101011
0000000111101101
0000000111110011
0000000111110101
0000000111111001
0000000111111111
0000001000000101
0000001000001001
0000001000001111
0000001000010001
0000001000010111
0000001000011011
0000001000011101
0000001000100001
0000001000100111
0000001000101011
0000001000101101
0000001000110011
0000001000110101
0000001000111001
0000001000111111
0000001001000001
0000001001000111
0000001001001011
0000001001001101
0000001001010011
0000001001010101
0000001001011001
0000001001011111
0000001001100011
0000001001100101
0000001001101001
0000001001101111
0000001001110001
0000001001110111
0000001001111011
0000001001111101
0000001010000111
0000001010001011
0000001010001101
0000001010010011
0000001010010101
0000001010011001
0000001010011111
0000001010100011
0000001010100101
0000001010101001
0000001010101111
0000001010110001
0000001010110111
0000001010111011
0000001010111101
0000001011000011
0000001011000101
0000001011001001
0000001011001111
0000001011010001
0000001011010111
0000001011011011
0000001011011101
0000001011100001
0000001011100111
0000001011101011
0000001011101101
0000001011110011
0000001011110101
0000001011111001
0000001011111111
0000001100000111
0000001100001011
0000001100001101
0000001100010011
0000001100010101
0000001100011001
0000001100011111
0000001100100011
0000001100100101
0000001100101001
0000001100101111
0000001100110001
0000001100110111
0000001100111011
0000001100111101
0000001101000011
0000001101000101
0000001101001001
0000001101001111
0000001101010001
0000001101010111
0000001101011011
0000001101011101
0000001101100001
0000001101100111
0000001101101011
0000001101101101
0000001101110011
0000001101110101
0000001101111001
0000001101111111
0000001110000011
0000001110000101
0000001110001001
0000001110001111
0000001110010001
0000001110010111
0000001110011011
0000001110011101
0000001110100001
0000001110100111
0000001110101011
0000001110101101
0000001110110011
0000001110110101
0000001110111001
0000001110111111
0000001111000001
0000001111000111
0000001111001011
0000001111001101
0000001111010011
0000001111010101
0000001111011001
0000001111011111
0000001111100011
0000001111100101
0000001111101001
0000001111101111
0000001111110001
0000001111110111
0000001111111011
0000001111111101
0000010000010001
0000010000101101
0000010000110011
0000010001001011
0000010001001101
0000010001010101
0000010001011001
0000010001011111
0000010001101001
0000010010001011
0000010010001101
0000010010010011
0000010010011111
0000010010101111
0000010010110001
0000010011010001
0000010011011011
0000010011110011
0000010011110101
0000010011111111
0000010100010011
0000010101010001
0000010101011011
0000010101100111
0000010101101011
0000010101101101
0000010101111001
0000010110001001
0000010110001111
0000010110010001
0000010110011011
0000010110011101
0000010110100001
0000010110110101
0000010111000111
0000010111001011
0000010111001101
0000010111011111
0000010111100011
0000010111111011
0000011000010011
0000011000101111
0000011000111011
0000011000111101
0000011001000011
0000011001000101
0000011001001001
0000011001001111
0000011001010111
0000011001011011
0000011001100001
0000011001111001
0000011001111111
0000011010001001
0000011010010001
0000011010011101
0000011010110101
0000011010111111
0000011011000111
0000011011001101
0000011011010011
0000011011010101
0000011011011001
0000011011011111
0000011011100011
0000011011101111
0000011011111101
0000011100001111
0000011100010111
0000011100011011
0000011100011101
0000011100100111
0000011100110101
0000011101000111
0000011101010011
0000011110000111
0000011110001101
0000011110010011
0000011110100011
0000011110101001
0000011110111011
0000011111001001
0000011111010001
0000011111011011
0000011111011101
0000011111101011
0000011111110011
0000011111111001
0000011111111111
0000100001000111
0000100001001011
0000100001001101
0000100001010011
0000100001010101
0000100001011001
0000100001011111
0000100001100011
0000100001100101
0000100001101001
0000100001101111
0000100001110001
0000100001110111
0000100001111011
0000100001111101
0000100010000111
0000100010001011
0000100010001101
0000100010010011
0000100010010101
0000100010011001
0000100010011111
0000100010100101
0000100010101001
0000100010101111
0000100010110001
0000100010111011
0000100011000011
0000100011000101
0000100011001001
0000100011001111
0000100011010001
0000100011010111
0000100011100111
0000100011101011
0000100011101101
0000100011110011
0000100011110101
0000100011111111
0000100100001011
0000100100001101
0000100100010011
0000100100010101
0000100100011001
0000100100011111
0000100100100101
0000100100101001
0000100100101111
0000100100110001
0000100100110111
0000100100111011
0000100100111101
0000100101000101
0000100101001001
0000100101001111
0000100101010001
0000100101011011
0000100101011101
0000100101100111
0000100101101011
0000100101101101
0000100101110011
0000100101110101
0000100101111001
0000100101111111
0000100110000101
0000100110001001
0000100110001111
0000100110010001
0000100110010111
0000100110011011
0000100110011101
0000100110100111
0000100110101011
0000100110110011
0000100110110101
0000100111000111
0000100111001011
0000100111100011
0000100111101001
0000100111101111
0000100111110111
0000100111111011
0000100111111101
0000101000010101
0000101000011001
0000101000011111
0000101000100011
0000101000100101
0000101000101001
0000101000101111
0000101000110001
0000101001000101
0000101001001001
0000101001001111
0000101001010001
0000101001010111
0000101001011011
0000101001101011
0000101001101101
0000101001110101
0000101001111111
0000101010001001
0000101010001111
0000101010010001
0000101010011101
0000101010100111
0000101010110011
0000101010111111
0000101011000111
0000101011001011
0000101011001101
0000101011010011
0000101011011001
0000101011011111
0000101011100011
0000101011100101
0000101011101001
0000101011110001
0000101011111101
0000101100010001
0000101100010111
0000101100011011
0000101100100111
0000101100101011
0000101100101101
0000101100110011
0000101100110101
0000101100111111
0000101101001101
0000101101010011
0000101101011111
0000101101100011
0000101101100101
0000101101101001
0000101101101111
0000101101110001
0000101101110111
0000101101111011
0000101110000111
0000101110010101
0000101110011001
0000101110100011
0000101110101001
0000101110101111
0000101110110111
0000101110111011
0000101111000011
0000101111001001
0000101111001111
0000101111010111
0000101111011011
0000101111100111
0000101111101011
0000101111110011
0000101111110101
0000101111111001
0000101111111111
0000110000110001
0000110000110111
0000110000111011
0000110000111101
0000110001000101
0000110001001111
0000110001011101
0000110001101011
0000110001101101
0000110001110011
0000110001110101
0000110001111001
0000110010001001
0000110010010001
0000110010010111
0000110010100111
0000110010101011
0000110010101101
0000110010110011
0000110010110101
0000110010111111
0000110011001011
0000110011001101
0000110011010011
0000110011010101
0000110011011001
0000110011100011
0000110011101001
0000110011110001
0000110011110111
0000110011111101
0000110100010001
0000110100011011
0000110100100111
0000110100101011
0000110100110011
0000110100110101
0000110100111001
0000110101000111
0000110101001011
0000110101001101
0000110101010011
0000110101011001
0000110101011111
0000110101100011
0000110101100101
0000110101101001
0000110101110001
0000110101110111
0000110101111011
0000110101111101
0000110110000111
0000110110001011
0000110110001101
0000110110011001
0000110110011111
0000110110100101
0000110110101001
0000110110101111
0000110110110111
0000110110111011
0000110110111101
0000110111001001
0000110111001111
0000110111010001
0000110111010111
0000110111011011
0000110111011101
0000110111100111
0000110111101011
0000110111101101
0000110111111001
0000111000011101
0000111000101011
0000111000110101
0000111000111001
0000111000111111
0000111001001011
0000111001001101
0000111001010011
0000111001010101
0000111001011001
0000111001011111
0000111001101001
0000111001101111
0000111001110001
0000111001110111
0000111001111011
0000111001111101
0000111010001101
0000111010010011
0000111010011001
0000111010011111
0000111010100101
0000111010101111
0000111010110001
0000111010110111
0000111010111011
0000111010111101
0000111011001001
0000111011001111
0000111011010111
0000111011011011
0000111011011101
0000111011100111
0000111011101011
0000111011101101
0000111011110011
0000111011111001
0000111011111111
0000111100010101
0000111100011001
0000111100100011
0000111100100101
0000111100101001
0000111100110001
0000111100110111
0000111100111011
0000111100111101
0000111101000101
0000111101001001
0000111101010001
0000111101010111
0000111101011011
0000111101011101
0000111101100111
0000111101101101
0000111101111001
0000111101111111
0000111110001001
0000111110010001
0000111110010111
0000111110011011
0000111110100111
0000111110101011
0000111110101101
0000111110110101
0000111110111111
0000111111000111
0000111111001101
0000111111010011
0000111111010101
0000111111011111
0000111111100101
0000111111101001
0000111111101111
0000111111110001
0000111111110111
0000111111111101
0001000100010011
0001000100010101
0001000100011001
0001000100011111
0001000100100011
0001000100101001
0001000100110111
0001000100111011
0001000100111101
0001000101000101
0001000101010111
0001000101100111
0001000101101011
0001000101101101
0001000101110011
0001000101111001
0001000110001001
0001000110001111
0001000110010111
0001000110011011
0001000110011101
0001000110100111
0001000110101011
0001000110101101
0001000110110011
0001000110111001
0001000110111111
0001000111000111
0001000111001011
0001000111001101
0001000111010011
0001000111010101
0001000111011001
0001000111011111
0001000111100011
0001000111101111
0001000111110111
0001000111111011
0001001000101111
0001001000111101
0001001001011101
0001001001101011
0001001001110011
0001001001110101
0001001001111001
0001001001111111
0001001010001111
0001001010010111
0001001010011011
0001001010011101
0001001010100111
0001001010101101
0001001010110011
0001001010110101
0001001010111001
0001001010111111
0001001011000111
0001001011001011
0001001011001101
0001001011010011
0001001011010101
0001001011011001
0001001011011111
0001001011100011
0001001011101001
0001001011101111
0001001011111101
0001001100010111
0001001100011011
0001001100011101
0001001100100111
0001001100101011
0001001100101101
0001001100110011
0001001100110101
0001001100111001
0001001100111111
0001001101000111
0001001101001011
0001001101001101
0001001101010011
0001001101010101
0001001101100011
0001001101101001
0001001101101111
0001001101110111
0001001101111011
0001001101111101
0001001110001011
0001001110010011
0001001110010101
0001001110011001
0001001110100011
0001001110100101
0001001110101001
0001001110110111
0001001110111011
0001001110111101
0001001111000101
0001001111001001
0001001111001111
0001001111010111
0001001111011011
0001001111100111
0001001111101101
0001001111110011
0001001111111001
0001001111111111
0001010001010111
0001010001011101
0001010001110101
0001010001111001
0001010001111111
0001010010001111
0001010010010111
0001010010011011
0001010010011101
0001010010100111
0001010010101011
0001010010101101
0001010010110011
0001010010110101
0001010010111001
0001010010111111
0001010011000111
0001010011001011
0001010011001101
0001010011010011
0001010011011111
0001010011100011
0001010011100101
0001010011110111
0001010011111011
0001010100010111
0001010100011011
0001010100011101
0001010100101011
0001010100110011
0001010100110101
0001010100111001
0001010100111111
0001010101001011
0001010101010101
0001010101011001
0001010101100011
0001010101101001
0001010101101111
0001010101110111
0001010101111011
0001010101111101
0001010110001011
0001010110001101
0001010110010101
0001010110011001
0001010110011111
0001010110100101
0001010110101001
0001010110111101
0001010111001001
0001010111001111
0001010111010111
0001010111011011
0001010111011101
0001010111101011
0001010111110011
0001010111110101
0001011000110101
0001011001000111
0001011001001011
0001011001001101
0001011001010011
0001011001011001
0001011001011111
0001011001100101
0001011001101001
0001011001101111
0001011001110111
0001011001111011
0001011010010011
0001011010011001
0001011010011111
0001011010100101
0001011010101001
0001011010101111
0001011010110111
0001011010111011
0001011010111101
0001011011001111
0001011011101011
0001011011101101
0001011011111001
0001011100011001
0001011100011111
0001011100100011
0001011100100101
0001011100101001
0001011100111011
0001011100111101
0001011101001001
0001011101010111
0001011101011011
0001011101011101
0001011101100111
0001011101101011
0001011101110011
0001011101110101
0001011101111111
0001011110001111
0001011110010111
0001011110011101
0001011110101011
0001011110101101
0001011110110011
0001011110110101
0001011110111001
0001011111000111
0001011111010011
0001011111010101
0001011111011001
0001011111011111
0001011111100011
0001011111101001
0001011111110111
0001011111111101
0001100011000111
0001100011001011
0001100011010011
0001100011010101
0001100011011001
0001100011011111
0001100011100101
0001100011101001
0001100011111011
0001100011111101
0001100100011011
0001100100011101
0001100100100111
0001100100101011
0001100100101101
0001100100110011
0001100100111001
0001100100111111
0001100101000111
0001100101001101
0001100101011001
0001100101011111
0001100101100101
0001100101101001
0001100101101111
0001100101111011
0001100101111101
0001100110010011
0001100110010101
0001100110011001
0001100110100101
0001100110101001
0001100110101111
0001100110111011
0001100110111101
0001100111001001
0001100111011101
0001100111100111
0001100111101011
0001100111110011
0001100111110101
0001100111111001
0001101000110101
0001101000111001
0001101001000111
0001101001001011
0001101001001101
0001101001010101
0001101001011001
0001101001011111
0001101001100101
0001101001101001
0001101001101111
0001101010010011
0001101010010101
0001101010011001
0001101010100101
0001101010101111
0001101010110111
0001101010111011
0001101010111101
0001101011001001
0001101011001111
0001101011010111
0001101011011101
0001101011100111
0001101011101011
0001101011101101
0001101011110011
0001101011110101
0001101011111111
0001101100011111
0001101100100101
0001101100101001
0001101101001111
0001101101011101
0001101101100111
0001101101110101
0001101101111001
0001101101111111
0001101110001111
0001101110010111
0001101110011101
0001101110101011
0001101110101101
0001101110110011
0001101110111001
0001101110111111
0001101111000111
0001101111001101
0001101111010011
0001101111010101
0001101111011001
0001101111100101
0001101111101111
0001101111111011
0001110001110111
0001110001111011
0001110001111101
0001110010010011
0001110010011001
0001110010100101
0001110010101001
0001110010101111
0001110011011011
0001110011011101
0001110011100111
0001110011101011
0001110011110011
0001110011111001
0001110011111111
0001110100011111
0001110100100101
0001110100101001
0001110100101111
0001110100111011
0001110100111101
0001110101010111
0001110101011101
0001110101101011
0001110101110101
0001110101111001
0001110101111111
0001110110001111
0001110110101011
0001110110101101
0001110110111001
0001110110111111
0001110111001101
0001110111010101
0001110111011001
0001110111011111
0001110111100101
0001110111101111
0001110111110111
0001110111111101
0001111000111101
0001111001001111
0001111001011011
0001111001101011
0001111001101101
0001111001110101
0001111001111001
0001111001111111
0001111010010111
0001111010100111
0001111010101011
0001111010101101
0001111010110011
0001111010111111
0001111011001011
0001111011001101
0001111011010011
0001111011010101
0001111011011001
0001111011011111
0001111011101001
0001111011101111
0001111011110111
0001111011111011
0001111100101101
0001111100110101
0001111100111111
0001111101001011
0001111101001101
0001111101010011
0001111101011111
0001111101100101
0001111101101001
0001111101101111
0001111101110111
0001111101111101
0001111110010011
0001111110010101
0001111110011001
0001111110011111
0001111110100101
0001111110101001
0001111110101111
0001111110110111
0001111110111011
0001111111001001
0001111111001111
0001111111010111
0001111111011011
0001111111011101
0001111111100111
0001111111101011
0001111111111001
0001111111111111
0010010010010111
0010010010011101
0010010010100111
0010010010101011
0010010010101101
0010010010110011
0010010010110101
0010010010111111
0010010011001011
0010010011001101
0010010011010011
0010010011010101
0010010011011111
0010010011100101
0010010011101111
0010010011110111
0010010011111011
0010010011111101
0010010100100111
0010010100101011
0010010100110101
0010010100111111
0010010101001101
0010010101010011
0010010101010101
0010010101011111
0010010101100101
0010010101110111
0010010101111011
0010010101111101
0010010110010011
0010010110010101
0010010110011111
0010010110101111
0010010110110111
0010010110111011
0010010110111101
0010010111001111
0010010111011101
0010010111100111
0010010111101101
0010010111110011
0010010111110101
0010011001001101
0010011001010011
0010011001010101
0010011001011111
0010011001101111
0010011001110111
0010011001111011
0010011001111101
0010011010011111
0010011010100101
0010011010101111
0010011010110111
0010011011001111
0010011011010111
0010011011011011
0010011011100111
0010011011101101
0010011011110011
0010011011110101
0010011011111111
0010011100101111
0010011100110111
0010011100111011
0010011100111101
0010011101010111
0010011101011011
0010011101100111
0010011101101011
0010011101101101
0010011101110011
0010011101110101
0010011110011011
0010011110011101
0010011110100111
0010011110101011
0010011110101101
0010011110110011
0010011110111111
0010011111001011
0010011111001101
0010011111010011
0010011111010101
0010011111100101
0010011111101111
0010011111111011
0010100101001011
0010100101001101
0010100101010101
0010100101011111
0010100101101111
0010100101111101
0010100110011111
0010100110101111
0010100110110111
0010100110111011
0010100111001111
0010100111010111
0010100111011011
0010100111100111
0010100111101011
0010100111101101
0010100111110011
0010100111110101
0010100111111111
0010101001010101
0010101001011111
0010101001101111
0010101001110111
0010101001111011
0010101001111101
0010101010011111
0010101010111011
0010101011001111
0010101011010111
0010101011011011
0010101011011101
0010101011100111
0010101011101011
0010101011110011
0010101011110101
0010101011111111
0010101100101111
0010101100110111
0010101100111011
0010101101001111
0010101101010111
0010101101011101
0010101101101011
0010101101101101
0010101101110011
0010101101110101
0010101101111111
0010101110010111
0010101110011011
0010101110011101
0010101110100111
0010101110101011
0010101110101101
0010101110110011
0010101110110101
0010101110111111
0010101111001011
0010101111010011
0010101111010101
0010101111110111
0010101111111011
0010101111111101
0010110010110111
0010110010111101
0010110011001111
0010110011010111
0010110011011101
0010110011101011
0010110011110011
0010110011111111
0010110100101111
0010110100110111
0010110100111011
0010110100111101
0010110101001111
0010110101011101
0010110101100111
0010110101101011
0010110101101101
0010110101110011
0010110101110101
0010110101111111
0010110110010111
0010110110011011
0010110110011101
0010110110100111
0010110110101011
0010110110101101
0010110110110011
0010110110110101
0010110111010011
0010110111011111
0010110111110111
0010110111111011
0010111001011101
0010111001100111
0010111001101011
0010111001101101
0010111001110101
0010111010011011
0010111010011101
0010111010100111
0010111010101101
0010111010110011
0010111010110101
0010111010111111
0010111011001101
0010111011010011
0010111011010101
0010111011101111
0010111011110111
0010111011111011
0010111011111101
0010111100110011
0010111100111111
0010111101001101
0010111101010011
0010111101011111
0010111101101111
0010111101110111
0010111101111011
0010111101111101
0010111110011111
0010111110101111
0010111110111011
0010111110111101
0010111111010111
0010111111011011
0010111111011101
0010111111100111
0010111111101011
0010111111110011
0010111111110101
0011001100110111
0011001100111011
0011001100111101
0011001101001111
0011001101010111
0011001101011011
0011001101011101
0011001101100111
0011001101101011
0011001101101101
0011001101110101
0011001101111111
0011001110011011
0011001110100111
0011001110101011
0011001110101101
0011001110110101
0011001110111111
0011001111001101
0011001111010101
0011001111011111
0011001111101111
0011001111110111
0011001111111011
0011001111111101
0011010011010111
0011010011101011
0011010011101101
0011010011110101
0011010011111111
0011010100110111
0011010100111011
0011010100111101
0011010101001111
0011010101011011
0011010101100111
0011010101101011
0011010101101101
0011010101110101
0011010101111111
0011010110011011
0011010110011101
0011010110100111
0011010110101011
0011010110101101
0011010110110101
0011010111010101
0011010111011111
0011010111101111
0011010111110111
0011010111111011
0011010111111101
0011011001101101
0011011001110101
0011011001111111
0011011010011101
0011011010101011
0011011010111111
0011011011010101
0011011011110111
0011011011111011
0011011011111101
0011011100111111
0011011101010101
0011011101011111
0011011101101111
0011011101110111
0011011101111011
0011011101111101
0011011110101111
0011011110110111
0011011110111011
0011011110111101
0011011111001111
0011011111010111
0011011111011011
0011011111011101
0011011111101011
0011011111101101
0011011111110101
0011011111111111
0011100111010101
0011100111011111
0011100111110111
0011100111111101
0011101001110101
0011101010110101
0011101010111111
0011101011010101
0011101011101111
0011101011111011
0011101011111101
0011101100111111
0011101101011111
0011101101101111
0011101101110111
0011101101111011
0011101110101111
0011101110110111
0011101110111011
0011101110111101
0011101111001111
0011101111011011
0011101111011101
0011101111101011
0011101111101101
0011101111110101
0011101111111111
0011110011110111
0011110011111011
0011110100111111
0011110101011111
0011110101101111
0011110101110111
0011110101111011
0011110101111101
0011110110101111
0011110110110111
0011110110111011
0011110110111101
0011110111010111
0011110111011101
0011110111101011
0011110111111111
0011111001111101
0011111010101111
0011111010110111
0011111010111011
0011111010111101
0011111011101011
0011111011101101
0011111011111111
0011111101010111
0011111101011011
0011111101011101
0011111101110101
0011111101111111
0011111110101011
0011111110101101
0011111110110101
0011111110111111
0011111111010101
0011111111011111
0011111111101111
0011111111110111
0011111111111011
0101010101010111
0101010101101011
0101010101111111
0101010110101011
0101010110111111
0101010111111011
0101011010111111
0101011011011111
0101011011101111
0101011011110111
0101011011111011
0101011101011111
0101011101101111
0101011101110111
0101011101111011
0101011110110111
0101011110111011
0101011111010111
0101011111011011
0101011111101011
0101101011011111
0101101011101111
0101101011110111
0101101011111011
0101101101011111
0101101101101111
0101101101110111
0101101101111011
0101101110101111
0101101110110111
0101101110111011
0101101111011011
0101110110101111
0101110110110111
0101110110111011
0101110111011011
0101110111111111
0101111011011011
0101111011111111
0101111101111111
0101111111011111
0101111111101111
0101111111110111
0110111101111111
0110111110111111
0110111111011111
0110111111101111
0111011101111111
0111011110111111
0111011111011111
0111011111101111
0111101111011111

