Summary of sequences of small complexity=16 which yield debruijn sequences:
Total number of sequences in this file: 566
0000010000010111
0000010000011011
0000010000011101
0000010000100001
0000010000100111
0000010000101011
0000010000110101
0000010000111001
0000010000111111
0000010001000111
0000010001010011
0000010001100011
0000010001100101
0000010001101111
0000010001110001
0000010001110111
0000010001111011
0000010001111101
0000010010000111
0000010010010101
0000010010011001
0000010010100011
0000010010100101
0000010010101001
0000010010110111
0000010010111011
0000010010111101
0000010011000011
0000010011000101
0000010011001001
0000010011001111
0000010011010111
0000010011011101
0000010011100001
0000010011100111
0000010011101011
0000010011101101
0000010011111001
0000010100000111
0000010100001011
0000010100001101
0000010100010101
0000010100011001
0000010100011111
0000010100100011
0000010100100101
0000010100101001
0000010100101111
0000010100110001
0000010100110111
0000010100111011
0000010100111101
0000010101000011
0000010101000101
0000010101001001
0000010101001111
0000010101010111
0000010101011101
0000010101100001
0000010101110011
0000010101110101
0000010101111111
0000010110000011
0000010110000101
0000010110010111
0000010110100111
0000010110101011
0000010110101101
0000010110110011
0000010110111001
0000010110111111
0000010111010011
0000010111010101
0000010111011001
0000010111100101
0000010111101001
0000010111101111
0000010111110001
0000010111110111
0000010111111101
0000011000001101
0000011000010101
0000011000011001
0000011000011111
0000011000100011
0000011000100101
0000011000101001
0000011000110001
0000011000110111
0000011001010001
0000011001011101
0000011001100111
0000011001101011
0000011001101101
0000011001110011
0000011001110101
0000011010000101
0000011010001111
0000011010010111
0000011010011011
0000011010100001
0000011010100111
0000011010101011
0000011010101101
0000011010110011
0000011010111001
0000011011001011
0000011011100101
0000011011101001
0000011011110001
0000011011110111
0000011011111011
0000011100001001
0000011100010001
0000011100100001
0000011100101011
0000011100101101
0000011100110011
0000011100111001
0000011100111111
0000011101001011
0000011101001101
0000011101010101
0000011101011001
0000011101011111
0000011101100011
0000011101100101
0000011101101001
0000011101101111
0000011101110001
0000011101110111
0000011101111011
0000011101111101
0000011110001011
0000011110010101
0000011110011001
0000011110011111
0000011110100101
0000011110101111
0000011110110001
0000011110110111
0000011110111101
0000011111000011
0000011111000101
0000011111001111
0000011111010111
0000011111100001
0000011111100111
0000011111101101
0000011111110101
0000100010100011
0000100010110111
0000100010111101
0000100011011011
0000100011011101
0000100011111001
0000100100100011
0000100101000011
0000100101010111
0000100110101101
0000100110111001
0000100110111111
0000100111001101
0000100111010011
0000100111010101
0000100111011001
0000100111011111
0000100111100101
0000100111110001
0000101000110111
0000101000111011
0000101000111101
0000101001000011
0000101001011101
0000101001100111
0000101001110011
0000101001111001
0000101010010111
0000101010011011
0000101010101011
0000101010101101
0000101010110101
0000101010111001
0000101011010101
0000101011101111
0000101011110111
0000101011111011
0000101100001111
0000101100011101
0000101100111001
0000101101000111
0000101101001011
0000101101010101
0000101101011001
0000101101111101
0000101110001011
0000101110001101
0000101110010011
0000101110011111
0000101110100101
0000101110110001
0000101110111101
0000101111000101
0000101111010001
0000101111011101
0000101111101101
0000110001001001
0000110001010001
0000110001010111
0000110001011011
0000110001100111
0000110001111111
0000110010001111
0000110010011011
0000110010011101
0000110010111001
0000110011000111
0000110011011111
0000110011100101
0000110011101111
0000110011111011
0000110100001111
0000110100010111
0000110100011101
0000110100101101
0000110100111111
0000110101010101
0000110101101111
0000110110010011
0000110110010101
0000110110100011
0000110110110001
0000110111000101
0000110111110011
0000110111110101
0000110111111111
0000111000100111
0000111000101101
0000111000110011
0000111001000111
0000111001100011
0000111001100101
0000111010001011
0000111010010101
0000111010100011
0000111010101001
0000111011000101
0000111011010001
0000111011110101
0000111100010011
0000111100011111
0000111100101111
0000111101001111
0000111101101011
0000111101110011
0000111101110101
0000111110001111
0000111110011101
0000111110110011
0000111110111001
0000111111001011
0000111111011001
0000111111100011
0000111111111011
0001000100100101
0001000100101111
0001000101001001
0001000101001111
0001000101011011
0001000101011101
0001000101110101
0001000101111111
0001000110110101
0001000111100101
0001000111101001
0001000111111101
0001001000100101
0001001000101001
0001001000110111
0001001000111011
0001001001000101
0001001001001001
0001001001001111
0001001001010111
0001001001011011
0001001001100111
0001001001101101
0001001010101011
0001001011100101
0001001011110111
0001001011111011
0001001101011001
0001001101011111
0001001101100101
0001001110001101
0001001110011111
0001001110101111
0001001111011101
0001001111101011
0001001111110101
0001010001011011
0001010001100111
0001010001101011
0001010001101101
0001010001110011
0001010011010101
0001010011011001
0001010011101001
0001010011101111
0001010011111101
0001010100100111
0001010100101101
0001010101000111
0001010101001101
0001010101010011
0001010101011111
0001010101100101
0001010110010011
0001010110100011
0001010110101111
0001010110110111
0001010110111011
0001010111100111
0001010111101101
0001010111111001
0001010111111111
0001011000101101
0001011000110011
0001011000111001
0001011000111111
0001011001010101
0001011001100011
0001011001111101
0001011010001101
0001011010010101
0001011010100011
0001011011001001
0001011011010111
0001011011011011
0001011011011101
0001011011100111
0001011011110011
0001011011110101
0001011011111111
0001011100101111
0001011100110111
0001011101001111
0001011101101101
0001011101111001
0001011110011011
0001011110100111
0001011110111111
0001011111001011
0001011111001101
0001011111100101
0001011111101111
0001011111111011
0001100011001101
0001100011101111
0001100011110111
0001100100110101
0001100101001011
0001100101010011
0001100101010101
0001100101110111
0001100110001101
0001100110011111
0001100110110111
0001100111001111
0001100111010111
0001100111011011
0001100111101101
0001100111111111
0001101000111111
0001101001010011
0001101001110111
0001101001111011
0001101001111101
0001101010011111
0001101010101001
0001101011011011
0001101011111001
0001101100101111
0001101100110111
0001101100111011
0001101100111101
0001101101001001
0001101101010111
0001101101011011
0001101101101011
0001101101101101
0001101101110011
0001101110011011
0001101110100111
0001101110110101
0001101111001011
0001101111011111
0001101111101001
0001101111110111
0001101111111101
0001110010010101
0001110010011111
0001110010110111
0001110010111011
0001110010111101
0001110011001001
0001110011001111
0001110011010111
0001110011101101
0001110011110101
0001110100110111
0001110101001001
0001110101001111
0001110101011011
0001110101100111
0001110101101101
0001110101110011
0001110110010111
0001110110011011
0001110110011101
0001110110100111
0001110110110011
0001110110110101
0001110111001011
0001110111010011
0001110111101001
0001110111111011
0001111001001001
0001111001010111
0001111001011101
0001111001100111
0001111001110011
0001111010011011
0001111010011101
0001111010110101
0001111010111001
0001111011100101
0001111011111101
0001111100100111
0001111100101011
0001111100110011
0001111100111001
0001111101010101
0001111101011001
0001111101111011
0001111110111101
0001111111101101
0001111111110011
0001111111110101
0010010010011011
0010010100101101
0010010100110011
0010010101001011
0010010101101111
0010010110100101
0010010111010111
0010010111011011
0010010111101011
0010010111111111
0010011001100101
0010011010010101
0010011010111011
0010011010111101
0010011011011101
0010011011101011
0010011101001111
0010011101011101
0010011101111111
0010011110010111
0010011110110101
0010011111011111
0010011111110111
0010011111111101
0010100101010011
0010100101110111
0010100101111011
0010100110010101
0010100110111101
0010100111011101
0010101010101111
0010101010110111
0010101010111101
0010101011101101
0010101100111101
0010101101011011
0010101101100111
0010101111001101
0010101111011111
0010101111101111
0010110010111011
0010110011011011
0010110011100111
0010110011101101
0010110011110101
0010110101010111
0010110101011011
0010110110111111
0010110111001101
0010110111010101
0010110111101111
0010110111111101
0010111001110011
0010111001111111
0010111010101011
0010111011011111
0010111100110101
0010111101010101
0010111110110111
0010111111001111
0010111111101101
0010111111111111
0011001110011101
0011010011011011
0011010011011101
0011010011100111
0011010101010111
0011010101011101
0011010110111111
0011011010100111
0011011010101101
0011011010110101
0011011011011111
0011011011101111
0011011110011111
0011011111100111
0011100111101111
0011100111111011
0011101001111111
0011101010101011
0011101010101101
0011101011011111
0011101011110111
0011101101010101
0011101101111101
0011101110011111
0011101111010111
0011110011111101
0011110101010101
0011110110011111
0011110111011011
0011110111101101
0011110111110101
0011111011010111
0011111011011011
0011111011011101
0011111011110101
0011111101101011
0011111101101101
0011111111111101
0101010101011011
0101010111011111
0101010111101111
0101010111110111
0101011110101111
0101011111111111
0101101111010111
0101101111111111
0101110101110111
0101110101111011
0101111110111111
0101111111111011
0110110110110111
0110110111111111
0110111011111111
0110111111110111
0111111111111111
