Summary of sequences of small complexity=6 which yield debruijn sequences:
Total number of sequences in this file: 132
0012065
0013064
0014063
0015062
0021056
0023054
0024053
0026051
0031046
0032045
0035042
0036041
0041036
0042035
0045032
0046031
0051026
0053024
0054023
0056021
0062015
0063014
0064013
0065012
0120065
0120650
0130640
0140063
0140630
0150062
0150620
0210056
0210560
0230054
0230540
0240053
0240530
0260510
0310046
0310460
0320450
0350042
0350420
0360041
0360410
0410036
0410360
0420035
0420350
0450320
0460031
0460310
0510260
0530024
0530240
0540023
0540230
0560021
0560210
0620015
0620150
0630014
0630140
0640130
0650012
0650120
1002605
1003604
1004603
1005602
1026005
1036004
1056002
1200650
1206500
1400630
1406300
2001506
2003504
2004503
2006501
2035004
2045003
2065001
2100560
2105600
2400530
2405300
3001406
3002405
3005402
3006401
3014006
3024005
3064001
3500420
3504200
3600410
3604100
4001306
4002305
4005302
4006301
4013006
4053002
4063001
4100360
4103600
4200350
4203500
5001206
5003204
5004203
5006201
5012006
5032004
5042003
5300240
5302400
5600210
5602100
6002105
6003104
6004103
6005102
6021005
6041003
6051002
6300140
6301400
6500120
6501200
