Summary of sequences of small complexity=0 which yield debruijn sequences:
Total number of sequences in this file: 2500
00022
00013
00011
00021
00012
00020
00010
00003
00001
00004
00002
00031
00034
00033
00030
00040
00100
00042
00101
00024
00043
00044
00103
00110
00102
00111
00120
00114
00112
00121
00123
00124
00130
00132
00133
00134
00142
00144
00141
00143
00201
00200
00204
00202
00210
00211
00213
00214
00222
00223
00220
00224
00231
00233
00232
00234
00240
00241
00243
00242
00300
00301
00303
00304
00312
00310
00313
00314
00322
00321
00323
00324
00330
00332
00331
00333
00340
00342
00344
00341
00400
00402
00403
00404
00411
00412
00413
00414
00420
00421
00422
00430
00431
00423
00432
00434
00440
00441
00443
01010
01011
01012
00444
01000
01001
01014
01002
01003
01020
01021
01023
01024
01032
01030
01034
01033
01041
01043
01042
01044
01100
01101
01102
01104
01110
01111
01120
01113
01114
01122
01123
01124
01131
01132
01133
01134
01200
01141
01140
01143
01142
01201
01203
01204
01210
01212
01213
01214
01221
01222
01223
01224
01230
01231
01232
01233
01240
01241
01242
01244
01300
01302
01303
01304
01311
01312
01313
01314
01323
01320
01322
01321
01330
01331
01332
01334
01340
01341
01343
01344
01401
01402
01403
01404
01411
01410
01412
01413
01421
01420
01422
01430
01431
01424
01433
01434
01440
01442
01443
01444
02000
02011
02010
02014
02013
02002
02004
02020
02001
02022
02024
02031
02023
02032
02041
02034
02040
02042
02033
02043
02100
02101
02103
02110
02104
02112
02113
02114
02121
02122
02123
02124
02130
02131
02132
02133
02140
02141
02142
02144
02200
02202
02203
02211
02204
02213
02212
02214
02220
02221
02222
02223
02230
02231
02240
02234
02232
02241
02243
02244
02301
02302
02303
02304
02310
02311
02312
02313
02320
02322
02321
02324
02330
02331
02333
02334
02340
02342
02343
02344
02400
02401
02402
02403
02410
02411
02412
02414
02421
02420
02423
02424
02430
02432
02433
02434
02441
02442
02443
02444
03010
03012
03000
03001
03004
03013
03003
03014
03021
03022
03023
03024
03031
03032
03033
03030
03040
03041
03042
03100
03102
03044
03103
03104
03113
03112
03111
03114
03120
03121
03122
03123
03130
03131
03132
03134
03140
03141
03143
03144
03201
03202
03203
03204
03210
03211
03212
03213
03220
03222
03221
03224
03230
03231
03233
03234
03240
03242
03243
03244
03300
03301
03302
03303
03310
03311
03312
03314
03320
03321
03323
03330
03324
03332
03333
03334
03341
03342
03343
03400
03401
03402
03344
03404
03410
03411
03413
03414
03420
03422
03423
03432
03431
03424
03433
03434
03442
03440
03441
03443
04000
04012
04011
04003
04002
04004
04013
04021
04020
04014
04022
04023
04032
04030
04031
04034
04041
04040
04043
04102
04101
04044
04103
04104
04110
04111
04112
04113
04121
04120
04122
04124
04130
04131
04133
04134
04142
04140
04200
04143
04144
04201
04202
04203
04210
04211
04212
04214
04220
04221
04223
04230
04224
04232
04233
04234
04241
04242
04243
04244
04300
04304
04301
04302
04310
04311
04313
04314
04320
04322
04323
04324
04332
04333
04331
04334
04340
04341
04342
04343
04400
04401
04403
04404
04410
04412
04413
04414
04421
04422
04423
04424
04430
04431
04432
04433
04440
04441
04442
04444
10000
10001
10010
10011
10012
10014
10020
10002
10003
10021
10023
10024
10100
10030
10032
10033
10034
10101
10041
10042
10043
10044
10102
10104
10110
10111
10113
10114
10120
10122
10123
10124
10131
10132
10133
10134
10140
10141
10142
10200
10143
10201
10203
10204
10210
10212
10213
10222
10214
10221
10223
10230
10224
10231
10232
10233
10240
10241
10300
10242
10244
10302
10303
10304
10311
10312
10313
10314
10320
10323
10321
10322
10331
10330
10332
10334
10340
10341
10343
10344
10401
10402
10403
10404
10410
10411
10412
10413
10420
10421
10422
10424
10433
10431
10430
10434
10440
10442
10443
10444
11010
11013
11000
11011
11001
11014
11004
11002
11020
11022
11023
11031
11024
11033
11032
11040
11042
11041
11043
11034
11100
11101
11104
11103
11112
11110
11123
11122
11121
11113
11114
11124
11130
11132
11131
11133
11200
11202
11140
11142
11141
11144
11203
11204
11211
11212
11213
11214
11220
11222
11223
11221
11231
11230
11232
11234
11240
11241
11244
11243
11301
11302
11303
11304
11310
11311
11312
11313
11320
11321
11322
11324
11330
11331
11333
11334
11340
11342
11343
11344
11400
11401
11402
11403
11412
11411
11410
11414
11421
11420
11423
11424
11430
11432
11434
11433
11442
11441
11443
11444
12000
12001
12012
12014
12010
12013
12021
12003
12004
12022
12023
12024
12030
12032
12031
12033
12040
12042
12041
12044
12100
12102
12103
12104
12111
12112
12113
12114
12120
12121
12122
12123
12130
12131
12132
12134
12140
12141
12143
12144
12201
12202
12203
12204
12211
12210
12212
12213
12220
12221
12222
12224
12230
12231
12233
12234
12240
12242
12243
12244
12300
12301
12302
12303
12310
12311
12312
12314
12320
12321
12323
12324
12330
12332
12333
12334
12341
12342
12343
12400
12344
12401
12402
12404
12410
12411
12413
12414
12420
12422
12423
12424
12431
12432
12433
12434
12440
12441
12442
12443
13011
13000
13012
13002
13013
13003
13014
13004
13020
13021
13022
13023
13030
13031
13032
13034
13040
13043
13041
13044
13101
13102
13103
13104
13110
13111
13112
13113
13120
13121
13122
13124
13130
13131
13133
13134
13140
13143
13142
13144
13200
13201
13202
13203
13210
13211
13212
13214
13221
13220
13223
13224
13230
13232
13233
13234
13241
13242
13243
13300
13244
13301
13302
13304
13310
13311
13313
13314
13320
13322
13324
13323
13331
13332
13333
13334
13340
13341
13342
13400
13343
13401
13404
13403
13410
13412
13413
13414
13421
13422
13423
13424
13432
13431
13430
13433
13440
13441
13442
13444
14011
14010
14001
14012
14002
14003
14004
14013
14020
14021
14022
14024
14030
14031
14033
14034
14040
14042
14043
14044
14100
14101
14102
14103
14110
14111
14112
14114
14120
14121
14123
14124
14130
14132
14133
14134
14141
14200
14143
14142
14201
14144
14202
14204
14210
14211
14213
14214
14220
14222
14223
14224
14231
14232
14233
14234
14240
14241
14242
14243
14300
14303
14301
14304
14310
14312
14313
14314
14321
14322
14330
14324
14323
14331
14332
14333
14340
14341
14342
14344
14402
14400
14404
14403
14411
14412
14413
14414
14420
14421
14422
14423
14431
14430
14432
14434
14440
14441
14443
14444
20010
20011
20000
20013
20001
20014
20020
20002
20004
20022
20023
20024
20031
20032
20033
20034
20040
20041
20100
20043
20042
20101
20103
20104
20110
20112
20113
20114
20121
20122
20124
20123
20130
20131
20132
20133
20140
20141
20142
20144
20202
20200
20203
20204
20211
20212
20213
20214
20220
20221
20222
20231
20230
20223
20232
20234
20240
20241
20243
20244
20301
20302
20303
20310
20304
20311
20312
20313
20320
20321
20322
20330
20324
20331
20333
20334
20340
20342
20343
20400
20401
20344
20402
20403
20410
20412
20411
20414
20420
20421
20430
20423
20424
20432
20433
20442
20434
20441
20443
20444
21010
21012
21000
21014
21013
21021
21003
21001
21004
21022
21023
21024
21031
21030
21033
21032
21040
21041
21042
21044
21100
21102
21103
21104
21112
21111
21113
21120
21122
21114
21121
21123
21130
21131
21132
21134
21143
21201
21141
21202
21140
21144
21203
21204
21210
21211
21212
21221
21213
21220
21222
21224
21230
21231
21233
21234
21240
21242
21243
21301
21303
21300
21244
21302
21310
21311
21312
21320
21321
21314
21323
21330
21332
21324
21333
21334
21341
21343
21342
21344
21400
21402
21404
21401
21410
21413
21411
21414
21420
21422
21423
21432
21424
21431
21433
21440
21434
21441
21442
21443
22000
22011
22002
22014
22012
22013
22003
22004
22020
22021
22022
22023
22030
22031
22032
22034
22040
22041
22043
22044
22101
22102
22103
22104
22110
22111
22112
22113
22120
22121
22122
22124
22130
22131
22133
22134
22140
22142
22144
22143
22200
22201
22202
22203
22210
22211
22212
22214
22220
22221
22223
22224
22230
22232
22233
22234
22241
22242
22243
22244
22300
22301
22302
22310
22304
22311
22313
22314
22320
22322
22323
22331
22324
22332
22333
22334
22340
22341
22342
22400
22343
22401
22403
22404
22410
22413
22412
22414
22421
22422
22423
22424
22431
22430
22432
22433
22440
22441
22442
22444
23001
23011
23010
23002
23003
23012
23004
23020
23013
23021
23022
23030
23024
23031
23033
23040
23034
23043
23042
23044
23100
23101
23102
23103
23110
23111
23112
23114
23120
23121
23123
23124
23130
23132
23134
23133
23141
23142
23143
23144
23200
23201
23202
23204
23210
23211
23214
23213
23220
23223
23222
23224
23231
23232
23233
23234
23240
23241
23242
23300
23243
23303
23301
23304
23310
23312
23313
23314
23321
23322
23323
23324
23330
23331
23333
23332
23340
23341
23342
23344
23400
23402
23403
23404
23411
23412
23413
23420
23414
23421
23422
23423
23430
23431
23432
23434
23440
23441
23444
23443
24000
24001
24002
24010
24003
24011
24012
24014
24020
24021
24023
24024
24030
24032
24034
24033
24041
24042
24043
24044
24100
24101
24102
24104
24110
24113
24114
24111
24120
24122
24123
24131
24124
24132
24133
24134
24140
24141
24142
24143
24200
24201
24203
24204
24210
24212
24213
24214
24222
24221
24223
24224
24230
24232
24231
24233
24240
24241
24300
24242
24244
24302
24303
24304
24311
24312
24313
24314
24320
24321
24322
24323
24331
24330
24332
24334
24340
24341
24343
24344
24403
24401
24402
24404
24410
24411
24412
24413
24420
24421
24422
24430
24431
24433
24424
24434
24440
24442
24443
24444
30010
30000
30013
30012
30001
30014
30021
30003
30004
30022
30023
30030
30024
30031
30100
30032
30033
30040
30041
30042
30044
30102
30104
30103
30112
30111
30113
30114
30121
30120
30122
30123
30130
30131
30132
30134
30140
30141
30144
30143
30201
30202
30203
30204
30210
30211
30212
30213
30220
30221
30222
30224
30230
30231
30233
30234
30240
30242
30243
30300
30244
30301
30302
30303
30310
30311
30312
30314
30320
30321
30323
30324
30330
30332
30334
30333
30341
30342
30344
30400
30343
30401
30402
30404
30410
30411
30413
30414
30420
30423
30422
30432
30431
30424
30433
30434
30440
30441
30442
30443
31011
31013
31012
31004
31003
31014
31002
31000
31020
31021
31022
31023
31030
31031
31032
31034
31041
31040
31043
31044
31101
31102
31104
31103
31110
31111
31112
31113
31120
31121
31122
31124
31130
31131
31133
31134
31200
31140
31142
31201
31144
31143
31202
31203
31210
31211
31214
31212
31220
31221
31223
31230
31224
31232
31233
31241
31234
31243
31242
31244
31300
31304
31302
31301
31310
31311
31313
31314
31322
31320
31323
31331
31332
31333
31324
31334
31340
31341
31342
31401
31343
31400
31403
31404
31410
31412
31413
31414
31421
31422
31423
31424
31430
31431
31432
31433
31440
31441
31442
31444
32011
32010
32001
32012
32002
32013
32004
32003
32020
32021
32022
32024
32031
32030
32033
32040
32043
32034
32042
32044
32100
32101
32102
32103
32110
32111
32120
32114
32112
32121
32123
32124
32130
32132
32141
32133
32143
32142
32134
32144
32200
32201
32202
32204
32210
32211
32214
32213
32220
32222
32223
32224
32231
32232
32233
32234
32241
32240
32242
32243
32300
32301
32303
32304
32310
32312
32313
32314
32321
32322
32323
32324
32330
32331
32332
32333
32340
32341
32402
32342
32400
32344
32403
32404
32411
32412
32413
32414
32421
32422
32423
32431
32420
32430
32432
32434
32440
32441
32443
32444
33011
33010
33002
33012
33000
33014
33001
33003
33020
33021
33023
33024
33030
33032
33041
33034
33042
33033
33043
33100
33044
33101
33102
33104
33110
33111
33113
33114
33122
33120
33123
33124
33131
33132
33133
33134
33141
33140
33142
33143
33200
33201
33203
33204
33210
33213
33212
33214
33221
33222
33223
33224
33230
33231
33232
33233
33241
33240
33242
33300
33244
33302
33303
33311
33304
33312
33313
33314
33320
33321
33322
33323
33330
33331
33332
33334
33340
33341
33343
33402
33401
33344
33403
33404
33410
33411
33412
33413
33420
33421
33422
33424
33430
33431
33433
33434
33440
33442
33443
33444
34010
34011
34002
34000
34001
34013
34004
34014
34020
34022
34023
34024
34031
34032
34034
34040
34033
34041
34042
34043
34100
34101
34104
34103
34110
34112
34113
34114
34121
34122
34123
34124
34130
34131
34132
34133
34141
34140
34142
34200
34144
34202
34203
34204
34212
34211
34213
34220
34214
34221
34222
34223
34230
34231
34232
34234
34240
34241
34302
34243
34244
34301
34303
34304
34310
34311
34312
34313
34320
34321
34324
34322
34330
34333
34331
34334
34340
34342
34343
34400
34344
34401
34402
34403
34410
34411
34412
34420
34414
34421
34423
34424
34432
34433
34430
34434
34441
34442
34443
34444
40000
40002
40013
40011
40012
40003
40014
40020
40004
40022
40021
40030
40023
40031
40101
40102
40040
40032
40034
40043
40041
40044
40103
40104
40110
40111
40112
40113
40120
40121
40124
40122
40130
40131
40134
40133
40140
40142
40143
40200
40201
40144
40202
40203
40210
40211
40212
40220
40214
40221
40230
40224
40232
40223
40233
40234
40241
40242
40243
40300
40244
40302
40301
40304
40310
40311
40313
40320
40314
40322
40323
40324
40331
40334
40333
40332
40340
40341
40343
40342
40400
40401
40403
40404
40410
40412
40413
40414
40421
40422
40424
40423
40431
40430
40432
40433
40441
40440
40442
40444
41001
41002
41010
41003
41011
41004
41012
41013
41020
41021
41022
41024
41030
41031
41033
41034
41040
41042
41043
41044
41100
41101
41102
41103
41112
41111
41110
41114
41120
41121
41123
41124
41130
41132
41133
41134
41142
41141
41143
41144
41200
41201
41202
41204
41210
41211
41213
41220
41222
41214
41223
41224
41231
41232
41233
41234
41240
41241
41242
41243
41300
41301
41303
41304
41310
41312
41313
41314
41321
41322
41323
41330
41324
41331
41332
41333
41340
41341
41342
41344
41400
41402
41404
41403
41411
41412
41413
41414
41420
41421
41422
41423
41430
41431
41432
41434
41440
41441
41443
41444
42000
42011
42010
42001
42012
42003
42002
42014
42020
42021
42023
42024
42030
42032
42033
42041
42043
42042
42034
42100
42044
42101
42104
42102
42110
42111
42120
42114
42113
42122
42123
42131
42124
42132
42133
42134
42140
42141
42142
42143
42200
42201
42204
42203
42210
42212
42213
42214
42221
42222
42223
42224
42230
42231
42232
42233
42240
42241
42242
42244
42300
42302
42303
42304
42311
42312
42313
42314
42320
42321
42322
42323
42330
42332
42331
42340
42334
42341
42343
42344
42401
42402
42403
42404
42410
42411
42413
42412
42420
42421
42422
42424
42430
42431
42433
42434
42440
42442
42443
42444
43010
43000
43001
43011
43002
43004
43013
43014
43022
43020
43023
43024
43031
43032
43033
43034
43041
43040
43042
43100
43043
43101
43103
43104
43110
43112
43114
43113
43121
43122
43123
43124
43130
43131
43132
43133
43140
43141
43142
43144
43202
43200
43203
43204
43211
43212
43213
43214
43221
43220
43222
43230
43223
43231
43232
43234
43240
43241
43243
43244
43302
43301
43304
43310
43303
43311
43312
43313
43320
43321
43324
43322
43330
43333
43331
43334
43340
43342
43400
43343
43401
43344
43403
43402
43410
43411
43412
43414
43420
43421
43423
43424
43430
43432
43433
43434
43441
43442
43443
43444
44010
44000
44003
44001
44013
44012
44004
44014
44021
44022
44023
44030
44031
44024
44040
44032
44033
44042
44041
44044
44100
44102
44111
44103
44104
44112
44113
44114
44121
44120
44122
44123
44130
44131
44132
44134
44143
44140
44201
44141
44144
44202
44203
44204
44210
44211
44213
44221
44212
44220
44224
44222
44230
44231
44233
44234
44240
44242
44300
44243
44244
44301
44302
44303
44310
44311
44312
44314
44320
44321
44324
44323
44330
44332
44333
44334
44341
44342
44343
44344
44400
44401
44402
44404
44410
44411
44413
44414
44420
44422
44423
44424
44431
44433
44432
44434
44440
44441
44442
44443
