Summary of sequences of small complexity=18 which yield debruijn sequences:
Total number of sequences in this file: 1379
00110100000100000110000101000101
00100100000100000111000101000101
11010100000100000111111010111010
00000100000100000101000101000101
11110100000100000101111010111010
00001100000100000101100101000101
00101100000100000111100101000101
11000010000100000110100010111010
00111100000100000110100101000101
11111100000100000101011010111010
00011100000100000100100101000101
00100010000100000111011101000101
11001010000100000110000010111010
00010010000100000100011101000101
11010010000100000111100010111010
00011010000100000100111101000101
11111010000100000101000010111010
00000110000100000101001101000101
11000110000100000110110010111010
00100110000100000111001101000101
00010110000100000100001101000101
11100110000100000100110010111010
00001110000100000101101101000101
11010110000100000111110010111010
11110110000100000101110010111010
11001110000100000110010010111010
00101110000100000111101101000101
00111110000100000110101101000101
00011110000100000100101101000101
11010001000100000111101110111010
11110001000100000101101110111010
00001001000100000101110001000101
00110001000100000110010001000101
00101001000100000111110001000101
00010001000100000100010001000101
11001001000100000110001110111010
11111001000100000101001110111010
11000101000100000110111110111010
00000101000100000101000001000101
11100101000100000100111110111010
11010101000100000111111110111010
11110101000100000101111110111010
11001101000100000110011110111010
00101101000100000111100001000101
00111101000100000110100001000101
11111101000100000101011110111010
00100011000100000111011001000101
11000011000100000110100110111010
11100011000100000100100110111010
00010011000100000100011001000101
00110011000100000110011001000101
00001011000100000101111001000101
00011011000100000100111001000101
00101011000100000111111001000101
11011011000100000111000110111010
00111011000100000110111001000101
00000111000100000101001001000101
11100111000100000100110110111010
00010111000100000100001001000101
00100111000100000111001001000101
00110111000100000110001001000101
11110111000100000101110110111010
00001111000100000101101001000101
00101111000100000111101001000101
11011111000100000111010110111010
11111111000100000101010110111010
11010000100100000111101000111010
00100000100100000111010111000101
00001000100100000101110111000101
11100000100100000100101000111010
00101000100100000111110111000101
00111000100100000110110111000101
00000100100100000101000111000101
11111000100100000101001000111010
11000100100100000110111000111010
00100100100100000111000111000101
11100100100100000100111000111010
00110100100100000110000111000101
11010100100100000111111000111010
00001100100100000101100111000101
00101100100100000111100111000101
11101100100100000100011000111010
00011100100100000100100111000101
11011100100100000111011000111010
11111100100100000101011000111010
00111100100100000110100111000101
00100010100100000111011111000101
11000010100100000110100000111010
00110010100100000110011111000101
00101010100100000111111111000101
00111010100100000110111111000101
00000110100100000101001111000101
00100110100100000111001111000101
11000110100100000110110000111010
11010110100100000111110000111010
00010110100100000100001111000101
11110110100100000101110000111010
00110110100100000110001111000101
11001110100100000110010000111010
00001110100100000101101111000101
00011110100100000100101111000101
11011110100100000111010000111010
11111110100100000101010000111010
00110001100100000110010011000101
11000001100100000110101100111010
00101001100100000111110011000101
00011001100100000100110011000101
11101001100100000100001100111010
00111001100100000110110011000101
11111001100100000101001100111010
11100101100100000100111100111010
11010101100100000111111100111010
00110101100100000110000011000101
00001101100100000101100011000101
11001101100100000110011100111010
00101101100100000111100011000101
11101101100100000100011100111010
11111101100100000101011100111010
00111101100100000110100011000101
11000011100100000110100100111010
11100011100100000100100100111010
00010011100100000100011011000101
11010011100100000111100100111010
11110011100100000101100100111010
11001011100100000110000100111010
00101011100100000111111011000101
00011011100100000100111011000101
00111011100100000110111011000101
11111011100100000101000100111010
11010111100100000111110100111010
11100111100100000100110100111010
00010111100100000100001011000101
00101111100100000111101011000101
11101111100100000100010100111010
11011111100100000111010100111010
00111111100100000110101011000101
11010000010100000111101011111010
00110000010100000110010100000101
00101000010100000111110100000101
11110000010100000101101011111010
11101000010100000100001011111010
11011000010100000111001011111010
11000100010100000110111011111010
11111000010100000101001011111010
11100100010100000100111011111010
11001100010100000110011011111010
11011100010100000111011011111010
00100010010100000111011100000101
11100010010100000100100011111010
11000010010100000110100011111010
11010010010100000111100011111010
00010010010100000100011100000101
00110010010100000110011100000101
00001010010100000101111100000101
11001010010100000110000011111010
11111010010100000101000011111010
00111010010100000110111100000101
00100110010100000111001100000101
11010110010100000111110011111010
00010110010100000100001100000101
11100110010100000100110011111010
00110110010100000110001100000101
11001110010100000110010011111010
00101110010100000111101100000101
00011110010100000100101100000101
11101110010100000100010011111010
11011110010100000111010011111010
00111110010100000110101100000101
11111110010100000101010011111010
11100001010100000100101111111010
11000001010100000110101111111010
11111001010100000101001111111010
11011001010100000111001111111010
11010101010100000111111111111010
11001101010100000110011111111010
11101101010100000100011111111010
11011101010100000111011111111010
11100011010100000100100111111010
11110011010100000101100111111010
11001011010100000110000111111010
11000111010100000110110111111010
11010111010100000111110111111010
11100111010100000100110111111010
11110111010100000101110111111010
11101111010100000100010111111010
11011111010100000111010111111010
00001000110100000101110110000101
11001000110100000110001001111010
00011000110100000100110110000101
11011000110100000111001001111010
00111000110100000110110110000101
11100100110100000100111001111010
11010100110100000111111001111010
00001100110100000101100110000101
00101100110100000111100110000101
11001100110100000110011001111010
00011100110100000100100110000101
00111100110100000110100110000101
11011100110100000111011001111010
11111100110100000101011001111010
00100010110100000111011110000101
00010010110100000100011110000101
11000010110100000110100001111010
11010010110100000111100001111010
00001010110100000101111110000101
00110010110100000110011110000101
11000110110100000110110001111010
00100110110100000111001110000101
00010110110100000100001110000101
00110110110100000110001110000101
11010110110100000111110001111010
00001110110100000101101110000101
00101110110100000111101110000101
11001110110100000110010001111010
11101110110100000100010001111010
00011110110100000100101110000101
11011110110100000111010001111010
00111110110100000110101110000101
11100001110100000100101101111010
00100001110100000111010010000101
00110001110100000110010010000101
00010001110100000100010010000101
00101001110100000111110010000101
11101001110100000100001101111010
11011001110100000111001101111010
00111001110100000110110010000101
11000101110100000110111101111010
00100101110100000111000010000101
11010101110100000111111101111010
00110101110100000110000010000101
00001101110100000101100010000101
00011101110100000100100010000101
11101101110100000100011101111010
00111101110100000110100010000101
11011101110100000111011101111010
11111101110100000101011101111010
00100011110100000111011010000101
11000011110100000110100101111010
00010011110100000100011010000101
11010011110100000111100101111010
00110011110100000110011010000101
00001011110100000101111010000101
11001011110100000110000101111010
11011011110100000111000101111010
11000111110100000110110101111010
00001111110100000101101010000101
00101111110100000111101010000101
11001111110100000110010101111010
11101111110100000100010101111010
11011000001100000111001010011010
00011000001100000100110101100101
00111000001100000110110101100101
11100100001100000100111010011010
11111000001100000101001010011010
11010100001100000111111010011010
11110100001100000101111010011010
00110100001100000110000101100101
00101100001100000111100101100101
11011100001100000111011010011010
00011100001100000100100101100101
11000010001100000110100010011010
00111100001100000110100101100101
11111100001100000101011010011010
00100010001100000111011101100101
00010010001100000100011101100101
11010010001100000111100010011010
11110010001100000101100010011010
11011010001100000111000010011010
00111010001100000110111101100101
00100110001100000111001101100101
00001110001100000101101101100101
00110110001100000110001101100101
00011110001100000100101101100101
11101110001100000100010010011010
11011110001100000111010010011010
00111110001100000110101101100101
00100001001100000111010001100101
11000001001100000110101110011010
11010001001100000111101110011010
00010001001100000100010001100101
11100001001100000100101110011010
11110001001100000101101110011010
00001001001100000101110001100101
00101001001100000111110001100101
00111001001100000110110001100101
00011001001100000100110001100101
11011001001100000111001110011010
11101001001100000100001110011010
11000101001100000110111110011010
11111001001100000101001110011010
00100101001100000111000001100101
11110101001100000101111110011010
11010101001100000111111110011010
00101101001100000111100001100101
11011101001100000111011110011010
00111101001100000110100001100101
00100011001100000111011001100101
11000011001100000110100110011010
00010011001100000100011001100101
11010011001100000111100110011010
00001011001100000101111001100101
11110011001100000101100110011010
00110011001100000110011001100101
11111011001100000101000110011010
11000111001100000110110110011010
11100111001100000100110110011010
00100111001100000111001001100101
11010111001100000111110110011010
00001111001100000101101001100101
11101111001100000100010110011010
00101111001100000111101001100101
00011111001100000100101001100101
11011111001100000111010110011010
00111111001100000110101001100101
11111111001100000101010110011010
11010000101100000111101000011010
00010000101100000100010111100101
00110000101100000110010111100101
11100000101100000100101000011010
00001000101100000101110111100101
11110000101100000101101000011010
11001000101100000110001000011010
00101000101100000111110111100101
11101000101100000100001000011010
00011000101100000100110111100101
11111000101100000101001000011010
11000100101100000110111000011010
00100100101100000111000111100101
11100100101100000100111000011010
11010100101100000111111000011010
00110100101100000110000111100101
11110100101100000101111000011010
00001100101100000101100111100101
11001100101100000110011000011010
11101100101100000100011000011010
00011100101100000100100111100101
00111100101100000110100111100101
00100010101100000111011111100101
00110010101100000110011111100101
00011010101100000100111111100101
11000110101100000110110000011010
00100110101100000111001111100101
00010110101100000100001111100101
11010110101100000111110000011010
00001110101100000101101111100101
00110110101100000110001111100101
00111110101100000110101111100101
00100001101100000111010011100101
11100001101100000100101100011010
11010001101100000111101100011010
00110001101100000110010011100101
11110001101100000101101100011010
00001001101100000101110011100101
00101001101100000111110011100101
11101001101100000100001100011010
00011001101100000100110011100101
11011001101100000111001100011010
00100101101100000111000011100101
11110101101100000101111100011010
11010101101100000111111100011010
00001101101100000101100011100101
11001101101100000110011100011010
00011101101100000100100011100101
11011101101100000111011100011010
11111101101100000101011100011010
11000011101100000110100100011010
11100011101100000100100100011010
00010011101100000100011011100101
11010011101100000111100100011010
00101011101100000111111011100101
00011011101100000100111011100101
00111011101100000110111011100101
11011011101100000111000100011010
11111011101100000101000100011010
00100111101100000111001011100101
11010111101100000111110100011010
00110111101100000110001011100101
11110111101100000101110100011010
11001111101100000110010100011010
11101111101100000100010100011010
11011111101100000111010100011010
00011111101100000100101011100101
00001000011100000101110100100101
11001000011100000110001011011010
00101000011100000111110100100101
00111000011100000110110100100101
11000100011100000110111011011010
11110100011100000101111011011010
11101100011100000100011011011010
00111100011100000110100100100101
00011100011100000100100100100101
00010010011100000100011100100101
11110010011100000101100011011010
00110010011100000110011100100101
00111010011100000110111100100101
11111010011100000101000011011010
11000110011100000110110011011010
00100110011100000111001100100101
00010110011100000100001100100101
11010110011100000111110011011010
00110110011100000110001100100101
11110110011100000101110011011010
00001110011100000101101100100101
00101110011100000111101100100101
11001110011100000110010011011010
00011110011100000100101100100101
11011110011100000111010011011010
00111110011100000110101100100101
11111110011100000101010011011010
00100001011100000111010000100101
11100001011100000100101111011010
11010001011100000111101111011010
00110001011100000110010000100101
11110001011100000101101111011010
00001001011100000101110000100101
11001001011100000110001111011010
00101001011100000111110000100101
11011001011100000111001111011010
00111001011100000110110000100101
11111001011100000101001111011010
11000101011100000110111111011010
11100101011100000100111111011010
11010101011100000111111111011010
11001101011100000110011111011010
11101101011100000100011111011010
11011101011100000111011111011010
11111101011100000101011111011010
00100011011100000111011000100101
00010011011100000100011000100101
11100011011100000100100111011010
11010011011100000111100111011010
11110011011100000101100111011010
00110011011100000110011000100101
00001011011100000101111000100101
11001011011100000110000111011010
00101011011100000111111000100101
11000111011100000110110111011010
11111011011100000101000111011010
11010111011100000111110111011010
00110111011100000110001000100101
00010111011100000100001000100101
00001111011100000101101000100101
11001111011100000110010111011010
11110111011100000101110111011010
00101111011100000111101000100101
00011111011100000100101000100101
00111111011100000110101000100101
11011111011100000111010111011010
00010000111100000100010110100101
11111111011100000101010111011010
11010000111100000111101001011010
00110000111100000110010110100101
11110000111100000101101001011010
00101000111100000111110110100101
11001000111100000110001001011010
11101000111100000100001001011010
00011000111100000100110110100101
11100100111100000100111001011010
11111000111100000101001001011010
11000100111100000110111001011010
00110100111100000110000110100101
11010100111100000111111001011010
11110100111100000101111001011010
00001100111100000101100110100101
11001100111100000110011001011010
00101100111100000111100110100101
00011100111100000100100110100101
11011100111100000111011001011010
11000010111100000110100001011010
11100010111100000100100001011010
00100010111100000111011110100101
11010010111100000111100001011010
00010010111100000100011110100101
00001010111100000101111110100101
00110010111100000110011110100101
00101010111100000111111110100101
00011010111100000100111110100101
11000110111100000110110001011010
00100110111100000111001110100101
00010110111100000100001110100101
11010110111100000111110001011010
11001110111100000110010001011010
00101110111100000111101110100101
00001110111100000101101110100101
11101110111100000100010001011010
11011110111100000111010001011010
00010001111100000100010010100101
00100001111100000111010010100101
11100001111100000100101101011010
11010001111100000111101101011010
00110001111100000110010010100101
11110001111100000101101101011010
00001001111100000101110010100101
00101001111100000111110010100101
11101001111100000100001101011010
00011001111100000100110010100101
11011001111100000111001101011010
00111001111100000110110010100101
11111001111100000101001101011010
11000101111100000110111101011010
11100101111100000100111101011010
00100101111100000111000010100101
11010101111100000111111101011010
11001101111100000110011101011010
00101101111100000111100010100101
00011101111100000100100010100101
11011101111100000111011101011010
11111101111100000101011101011010
00111101111100000110100010100101
11000011111100000110100101011010
00100011111100000111011010100101
11100011111100000100100101011010
00010011111100000100011010100101
11010011111100000111100101011010
11110011111100000101100101011010
11001011111100000110000101011010
00111011111100000110111010100101
00011011111100000100111010100101
11000111111100000110110101011010
11100111111100000100110101011010
11010111111100000111110101011010
11110111111100000101110101011010
11001111111100000110010101011010
11101111111100000100010101011010
00101111111100000111101010100101
00011111111100000100101010100101
11011111111100000111010101011010
11010001000010000111101110100010
00010001000010000100010001011101
11111111111100000101010101011010
00110001000010000110010001011101
11001001000010000110001110100010
00101001000010000111110001011101
11011001000010000111001110100010
11111001000010000101001110100010
11100101000010000100111110100010
11010101000010000111111110100010
11001101000010000110011110100010
11011101000010000111011110100010
00111101000010000110100001011101
11100011000010000100100110100010
00100011000010000111011001011101
00010011000010000100011001011101
11110011000010000101100110100010
00001011000010000101111001011101
11100111000010000100110110100010
00100111000010000111001001011101
00110111000010000110001001011101
11110111000010000101110110100010
11101111000010000100010110100010
00011111000010000100101001011101
11111111000010000101010110100010
00101000100010000111110111011101
11000100100010000110111000100010
00110100100010000110000111011101
11001100100010000110011000100010
00101100100010000111100111011101
11101100100010000100011000100010
00111100100010000110100111011101
11111100100010000101011000100010
00010010100010000100011111011101
00110010100010000110011111011101
00100110100010000111001111011101
11100110100010000100110000100010
11110110100010000101110000100010
11001110100010000110010000100010
11011110100010000111010000100010
11100001100010000100101100100010
00010001100010000100010011011101
00110001100010000110010011011101
00001001100010000101110011011101
11001001100010000110001100100010
00101001100010000111110011011101
11111001100010000101001100100010
11110101100010000101111100100010
00001101100010000101100011011101
11001101100010000110011100100010
11011101100010000111011100100010
00100011100010000111011011011101
11001011100010000110000100100010
00011011100010000100111011011101
11111011100010000101000100100010
11000111100010000110110100100010
00100111100010000111001011011101
00110111100010000110001011011101
11110111100010000101110100100010
11101111100010000100010100100010
11011111100010000111010100100010
11111111100010000101010100100010
11011000010010000111001011100010
00111000010010000110110100011101
11000100010010000110111011100010
00100100010010000111000100011101
00110100010010000110000100011101
00011100010010000100100100011101
11100010010010000100100011100010
00001010010010000101111100011101
11011010010010000111000011100010
11110110010010000101110011100010
11001110010010000110010011100010
00011110010010000100101100011101
11010001010010000111101111100010
11100001010010000100101111100010
11001001010010000110001111100010
11111001010010000101001111100010
11010101010010000111111111100010
11110101010010000101111111100010
11111101010010000101011111100010
11011101010010000111011111100010
11000011010010000110100111100010
11100011010010000100100111100010
11010011010010000111100111100010
00010011010010000100011000011101
00110011010010000110011000011101
11001011010010000110000111100010
11000111010010000110110111100010
00100111010010000111001000011101
11111011010010000101000111100010
11100111010010000100110111100010
11010111010010000111110111100010
00101111010010000111101000011101
00011111010010000100101000011101
11111111010010000101010111100010
00001000110010000101110110011101
11010000110010000111101001100010
11110000110010000101101001100010
00111000110010000110110110011101
11100100110010000100111001100010
11010100110010000111111001100010
00001100110010000101100110011101
11011100110010000111011001100010
11000010110010000110100001100010
00001010110010000101111110011101
00101010110010000111111110011101
00011110110010000100101110011101
00111110110010000110101110011101
11011110110010000111010001100010
00110001110010000110010010011101
00101001110010000111110010011101
00011001110010000100110010011101
00111001110010000110110010011101
11011001110010000111001101100010
11111001110010000101001101100010
11001101110010000110011101100010
11101101110010000100011101100010
00100011110010000111011010011101
11111101110010000101011101100010
11110011110010000101100101100010
00001011110010000101111010011101
00101011110010000111111010011101
11011011110010000111000101100010
00111011110010000110111010011101
11111011110010000101000101100010
11000111110010000110110101100010
11001111110010000110010101100010
00101111110010000111101010011101
11011111110010000111010101100010
00111111110010000110101010011101
00001100001010000101100101111101
00110100001010000110000101111101
00010010001010000100011101111101
00011010001010000100111101111101
00101110001010000111101101111101
00111110001010000110101101111101
00011110001010000100101101111101
00001001001010000101110001111101
00101001001010000111110001111101
00111001001010000110110001111101
00001101001010000101100001111101
00010011001010000100011001111101
00110011001010000110011001111101
00011011001010000100111001111101
00101111001010000111101001111101
00011111001010000100101001111101
00111000101010000110110111111101
00100100101010000111000111111101
00110100101010000110000111111101
00010010101010000100011111111101
00100010101010000111011111111101
00110010101010000110011111111101
00001010101010000101111111111101
00011110101010000100101111111101
00010001101010000100010011111101
00001001101010000101110011111101
00110001101010000110010011111101
00101001101010000111110011111101
00001101101010000101100011111101
00001011101010000101111011111101
00101011101010000111111011111101
00011011101010000100111011111101
00110111101010000110001011111101
00011111101010000100101011111101
00111111101010000110101011111101
11111000011010000101001011000010
00111000011010000110110100111101
11110100011010000101111011000010
11101100011010000100011011000010
11111100011010000101011011000010
11000010011010000110100011000010
11010010011010000111100011000010
00011010011010000100111100111101
11011010011010000111000011000010
00100110011010000111001100111101
11110110011010000101110011000010
11100110011010000100110011000010
00110110011010000110001100111101
00111110011010000110101100111101
11011110011010000111010011000010
11001001011010000110001111000010
00011001011010000100110000111101
11010101011010000111111111000010
11001011011010000110000111000010
11110111011010000101110111000010
11001111011010000110010111000010
00101111011010000111101000111101
00111111011010000110101000111101
00110000111010000110010110111101
00001100111010000101100110111101
00111100111010000110100110111101
00011100111010000100100110111101
00101100111010000111100110111101
00010010111010000100011110111101
00001010111010000101111110111101
00001110111010000101101110111101
00001001111010000101110010111101
00111110111010000110101110111101
00110001111010000110010010111101
11000101111010000110111101000010
00111001111010000110110010111101
00101101111010000111100010111101
00010011111010000100011010111101
00111101111010000110100010111101
00111011111010000110111010111101
00100111111010000111001010111101
00011111111010000100101010111101
00101111111010000111101010111101
00111111111010000110101010111101
11010110000110000111110010110010
11101110000110000100010010110010
00011110000110000100101101001101
00111110000110000110101101001101
11111110000110000101010010110010
11010001000110000111101110110010
00111001000110000110110001001101
11101101000110000100011110110010
11111101000110000101011110110010
11011101000110000111011110110010
11000011000110000110100110110010
00100011000110000111011001001101
00010011000110000100011001001101
00110011000110000110011001001101
11110011000110000101100110110010
11011011000110000111000110110010
00111011000110000110111001001101
11001111000110000110010110110010
00011111000110000100101001001101
11011111000110000111010110110010
00111111000110000110101001001101
11110000100110000101101000110010
11010100100110000111111000110010
11100100100110000100111000110010
11110100100110000101111000110010
11001100100110000110011000110010
00101100100110000111100111001101
00011100100110000100100111001101
11101100100110000100011000110010
11111100100110000101011000110010
00011010100110000100111111001101
00100110100110000111001111001101
11000110100110000110110000110010
00110110100110000110001111001101
11110110100110000101110000110010
00111110100110000110101111001101
00010001100110000100010011001101
11100001100110000100101100110010
00110001100110000110010011001101
11001001100110000110001100110010
11011001100110000111001100110010
11111001100110000101001100110010
11000101100110000110111100110010
11010101100110000111111100110010
00101101100110000111100011001101
11011101100110000111011100110010
11000011100110000110100100110010
00010011100110000100011011001101
11010011100110000111100100110010
00011011100110000100111011001101
11000111100110000110110100110010
00100111100110000111001011001101
11101111100110000100010100110010
11011000010110000111001011110010
11111111100110000101010100110010
11010100010110000111111011110010
11110100010110000101111011110010
11000010010110000110100011110010
00110010010110000110011100001101
00111010010110000110111100001101
00101110010110000111101100001101
11110110010110000101110011110010
11010110010110000111110011110010
11101110010110000100010011110010
11001001010110000110001111110010
11110001010110000101101111110010
11010101010110000111111111110010
11100101010110000100111111110010
11110101010110000101111111110010
11111101010110000101011111110010
11110011010110000101100111110010
11111011010110000101000111110010
11000111010110000110110111110010
11100111010110000100110111110010
11110111010110000101110111110010
11001111010110000110010111110010
11011111010110000111010111110010
11001000110110000110001001110010
00101000110110000111110110001101
11111000110110000101001001110010
11000100110110000110111001110010
00100100110110000111000110001101
11100100110110000100111001110010
11110100110110000101111001110010
11010010110110000111100001110010
00010010110110000100011110001101
00110010110110000110011110001101
00101010110110000111111110001101
00011010110110000100111110001101
11100110110110000100110001110010
00011110110110000100101110001101
11111110110110000101010001110010
00111110110110000110101110001101
00010001110110000100010010001101
11001001110110000110001101110010
00111001110110000110110010001101
11100101110110000100111101110010
11110101110110000101111101110010
00011101110110000100100010001101
00100011110110000111011010001101
00110011110110000110011010001101
11011011110110000111000101110010
00100111110110000111001010001101
00011100001110000100100101101101
11100010001110000100100010010010
11010010001110000111100010010010
00011010001110000100111101101101
00111010001110000110111101101101
11000110001110000110110010010010
00100110001110000111001101101101
11010110001110000111110010010010
00110110001110000110001101101101
11011110001110000111010010010010
11111110001110000101010010010010
11100001001110000100101110010010
00101001001110000111110001101101
11000101001110000110111110010010
11010101001110000111111110010010
11001101001110000110011110010010
00101101001110000111100001101101
11110101001110000101111110010010
11101101001110000100011110010010
00101011001110000111111001101101
11110011001110000101100110010010
00110011001110000110011001101101
00011011001110000100111001101101
11011011001110000111000110010010
11010111001110000111110110010010
11001111001110000110010110010010
11101111001110000100010110010010
00011000101110000100110111101101
00100100101110000111000111101101
11110100101110000101111000010010
00010010101110000100011111101101
00011010101110000100111111101101
00110110101110000110001111101101
00111110101110000110101111101101
00101001101110000111110011101101
11001001101110000110001100010010
00011001101110000100110011101101
11000101101110000110111100010010
11100101101110000100111100010010
11010101101110000111111100010010
11101101101110000100011100010010
00010011101110000100011011101101
00110011101110000110011011101101
00101011101110000111111011101101
00110111101110000110001011101101
00011111101110000100101011101101
11111111101110000101010100010010
00100100011110000111000100101101
11110100011110000101111011010010
11001100011110000110011011010010
11010100011110000111111011010010
00101100011110000111100100101101
00110010011110000110011100101101
11010010011110000111100011010010
11110110011110000101110011010010
11001110011110000110010011010010
11101110011110000100010011010010
00011110011110000100101100101101
11110001011110000101101111010010
11111001011110000101001111010010
11100101011110000100111111010010
11110101011110000101111111010010
11111011011110000101000111010010
00110111011110000110001000101101
00011111011110000100101000101101
00101000111110000111110110101101
11011000111110000111001001010010
11111000111110000101001001010010
11100100111110000100111001010010
00100100111110000111000110101101
11010100111110000111111001010010
11101100111110000100011001010010
11011100111110000111011001010010
00111100111110000110100110101101
11111100111110000101011001010010
11000110111110000110110001010010
00100110111110000111001110101101
11010110111110000111110001010010
11101110111110000100010001010010
00011110111110000100101110101101
00101001111110000111110010101101
00110001111110000110010010101101
00011001111110000100110010101101
11011001111110000111001101010010
11100101111110000100111101010010
00101101111110000111100010101101
00111101111110000110100010101101
11011101111110000111011101010010
00100011111110000111011010101101
11111101111110000101011101010010
00110011111110000110011010101101
11000111111110000110110101010010
11100111111110000100110101010010
00100111111110000111001010101101
00011111111110000100101010101101
00111111111110000110101010101101
00100100010001000111000100010001
11110100010001000101111011101110
00101100010001000111100100010001
00111100010001000110100100010001
00100010010001000111011100010001
11100010010001000100100011101110
00110010010001000110011100010001
00111010010001000110111100010001
00100110010001000111001100010001
00101110010001000111101100010001
11010001010001000111101111101110
11111001010001000101001111101110
11010101010001000111111111101110
11001101010001000110011111101110
11110011010001000101100111101110
11001111010001000110010111101110
11110111010001000101110111101110
11000100110001000110111001101110
11010100110001000111111001101110
11110100110001000101111001101110
11011100110001000111011001101110
00111100110001000110100110010001
11111100110001000101011001101110
00110010110001000110011110010001
00111010110001000110111110010001
11000110110001000110110001101110
11001110110001000110010001101110
00111110110001000110101110010001
00101001110001000111110010010001
11001101110001000110011101101110
11010011110001000111100101101110
00101011110001000111111010010001
11111011110001000101000101101110
00100111110001000111001010010001
11001111110001000110010101101110
00101111110001000111101010010001
11111111110001000101010101101110
00110010001001000110011101110001
00100110001001000111001101110001
11100110001001000100110010001110
11001110001001000110010010001110
11100101001001000100111110001110
11010101001001000111111110001110
11110011001001000101100110001110
11011011001001000111000110001110
11110111001001000101110110001110
11011111001001000111010110001110
00111000101001000110110111110001
00111100101001000110100111110001
00110010101001000110011111110001
00101010101001000111111111110001
00111010101001000110111111110001
00110110101001000110001111110001
11010100011001000111111011001110
11110100011001000101111011001110
11001100011001000110011011001110
00111100011001000110100100110001
11111100011001000101011011001110
11010010011001000111100011001110
00110010011001000110011100110001
00101010011001000111111100110001
00110110011001000110001100110001
11010001011001000111101111001110
11111110011001000101010011001110
11110001011001000101101111001110
11001001011001000110001111001110
11010101011001000111111111001110
11011101011001000111011111001110
00110011011001000110011000110001
11110011011001000101100111001110
00101011011001000111111000110001
11011011011001000111000111001110
11111011011001000101000111001110
11110111011001000101110111001110
11001111011001000110010111001110
00101000111001000111110110110001
00111000111001000110110110110001
11000100111001000110111001001110
11111000111001000101001001001110
11010100111001000111111001001110
11110100111001000101111001001110
11001100111001000110011001001110
00101010111001000111111110110001
11000110111001000110110001001110
11010001111001000111101101001110
00110001111001000110010010110001
00101001111001000111110010110001
11011001111001000111001101001110
11111001111001000101001101001110
11011101111001000111011101001110
00111101111001000110100010110001
11100011111001000100100101001110
11111011111001000101000101001110
11000111111001000110110101001110
11010111111001000111110101001110
11111111111001000101010101001110
11100101000101000100111110111110
11001101000101000110011110111110
11011101000101000111011110111110
11110011000101000101100110111110
11100111000101000100110110111110
11010111000101000111110110111110
11110111000101000101110110111110
11011111000101000111010110111110
11100100100101000100111000111110
11011100100101000111011000111110
11010001100101000111101100111110
11110001100101000101101100111110
11011001100101000111001100111110
11000101100101000110111100111110
11100101100101000100111100111110
11111101100101000101011100111110
11110011100101000101100100111110
11000111100101000110110100111110
11110111100101000101110100111110
11111111100101000101010100111110
11010110010101000111110011111110
11100110010101000100110011111110
11011110010101000111010011111110
11110001010101000101101111111110
11010001010101000111101111111110
11111001010101000101001111111110
11011001010101000111001111111110
11110101010101000101111111111110
11100101010101000100111111111110
11001101010101000110011111111110
11010101010101000111111111111110
11011101010101000111011111111110
11010011010101000111100111111110
11000111010101000110110111111110
11110011010101000101100111111110
11011111010101000111010111111110
11110111010101000101110111111110
11001111010101000110010111111110
11111111010101000101010111111110
11100110110101000100110001111110
11110001110101000101101101111110
11010001110101000111101101111110
11011001110101000111001101111110
11111001110101000101001101111110
11000101110101000110111101111110
11110101110101000101111101111110
11001101110101000110011101111110
11010101110101000111111101111110
11111101110101000101011101111110
11110011110101000101100101111110
11011011110101000111000101111110
11010111110101000111110101111110
11110111110101000101110101111110
11001111110101000110010101111110
11011111110101000111010101111110
11010110001101000111110010011110
11011110001101000111010010011110
11110001001101000101101110011110
11010001001101000111101110011110
11001001001101000110001110011110
11111001001101000101001110011110
11000101001101000110111110011110
11111101001101000101011110011110
11100011001101000100100110011110
11011011001101000111000110011110
11100111001101000100110110011110
11110111001101000101110110011110
11001111001101000110010110011110
11111111001101000101010110011110
11010001101101000111101100011110
11001001101101000110001100011110
11110001101101000101101100011110
11111001101101000101001100011110
11110101101101000101111100011110
11111101101101000101011100011110
11110100011101000101111011011110
11010010011101000111100011011110
11110110011101000101110011011110
11111001011101000101001111011110
11000101011101000110111111011110
11001101011101000110011111011110
11111101011101000101011111011110
11100011011101000100100111011110
11110011011101000101100111011110
11010111011101000111110111011110
11100111011101000100110111011110
11011011011101000111000111011110
11111111011101000101010111011110
11100100111101000100111001011110
11001100111101000110011001011110
11100110111101000100110001011110
11010110111101000111110001011110
11110110111101000101110001011110
11110001111101000101101101011110
11001001111101000110001101011110
11011001111101000111001101011110
11111101111101000101011101011110
11011011111101000111000101011110
11000111111101000110110101011110
11111111111101000101010101011110
11110001100011000101101100100110
00101001100011000111110011011001
11010101100011000111111100100110
11110101100011000101111100100110
00101101100011000111100011011001
11110011100011000101100100100110
11011011100011000111000100100110
11000111100011000110110100100110
11100111100011000100110100100110
11001111100011000110010100100110
00111111100011000110101011011001
11111100010011000101011011100110
11001100010011000110011011100110
11010010010011000111100011100110
11000110010011000110110011100110
11010110010011000111110011100110
11011110010011000111010011100110
00111110010011000110101100011001
11110001010011000101101111100110
11011001010011000111001111100110
11011101010011000111011111100110
11111101010011000101011111100110
11100111010011000100110111100110
11010111010011000111110111100110
11110011010011000101100111100110
00111000110011000110110110011001
11111111010011000101010111100110
11011000110011000111001001100110
00100100110011000111000110011001
11100100110011000100111001100110
11110100110011000101111001100110
11010100110011000111111001100110
00111100110011000110100110011001
00101100110011000111100110011001
11011100110011000111011001100110
00111010110011000110111110011001
11010110110011000111110001100110
00101110110011000111101110011001
00101001110011000111110010011001
11001101110011000110011101100110
11111101110011000101011101100110
00101101110011000111100010011001
11010011110011000111100101100110
11011011110011000111000101100110
11000111110011000110110101100110
11010111110011000111110101100110
11110111110011000101110101100110
00101111110011000111101010011001
00111111110011000110101010011001
11111111110011000101010101100110
00111110001011000110101101111001
00101110001011000111101101111001
00111001001011000110110001111001
00101011001011000111111001111001
00110011001011000110011001111001
00101111001011000111101001111001
00111111001011000110101001111001
00101100101011000111100111111001
00111100101011000110100111111001
00110010101011000110011111111001
00111110101011000110101111111001
00101011101011000111111011111001
00111011101011000110111011111001
00111111101011000110101011111001
11011100011011000111011011000110
00111100011011000110100100111001
00101110011011000111101100111001
11110001011011000101101111000110
11100101011011000100111111000110
11111001011011000101001111000110
11110101011011000101111111000110
11011101011011000111011111000110
11001101011011000110011111000110
11010111011011000111110111000110
11111111011011000101010111000110
00101100111011000111100110111001
00101010111011000111111110111001
00101110111011000111101110111001
00111110111011000110101110111001
00101001111011000111110010111001
00101101111011000111100010111001
00110011111011000110011010111001
00101011111011000111111010111001
00100111111011000111001010111001
00100111000111000111001001001001
11100111000111000100110110110110
11110111000111000101110110110110
11010111000111000111110110110110
11011111000111000111010110110110
00111010100111000110111111001001
00101001100111000111110011001001
11011001100111000111001100110110
11100101100111000100111100110110
11111001100111000101001100110110
11110101100111000101111100110110
00101101100111000111100011001001
11111101100111000101011100110110
11010011100111000111100100110110
00101011100111000111111011001001
11010111100111000111110100110110
11001111100111000110010100110110
11011111100111000111010100110110
11010010010111000111100011110110
11111111100111000101010100110110
11001110010111000110010011110110
11111110010111000101010011110110
11110001010111000101101111110110
11011001010111000111001111110110
11010101010111000111111111110110
11011101010111000111011111110110
11111101010111000101011111110110
11100011010111000100100111110110
11010111010111000111110111110110
11011111010111000111010111110110
11111111010111000101010111110110
11111000110111000101001001110110
11001100110111000110011001110110
00101010110111000111111110001001
11010110110111000111110001110110
11100101110111000100111101110110
11010101110111000111111101110110
11010011110111000111100101110110
11100111110111000100110101110110
11010111110111000111110101110110
11001111110111000110010101110110
11011111110111000111010101110110
11011110001111000111010010010110
11111111110111000101010101110110
11110001001111000101101110010110
11011001001111000111001110010110
11011101001111000111011110010110
11001101001111000110011110010110
00110011001111000110011001101001
00111011001111000110111001101001
00111111001111000110101001101001
00111100101111000110100111101001
11111111001111000101010110010110
00110010101111000110011111101001
00101110101111000111101111101001
00111001101111000110110011101001
00101011101111000111111011101001
00110011101111000110011011101001
00111011101111000110111011101001
00101111101111000111101011101001
00111010011111000110111100101001
00110010011111000110011100101001
00101010011111000111111100101001
00100110011111000111001100101001
11001110011111000110010011010110
11011001011111000111001111010110
11111110011111000101010011010110
11100101011111000100111111010110
11010101011111000111111111010110
11001101011111000110011111010110
11111101011111000101011111010110
11011101011111000111011111010110
11110111011111000101110111010110
11001111011111000110010111010110
11011111011111000111010111010110
11100100111111000100111001010110
11001100111111000110011001010110
00111100111111000110100110101001
00111010111111000110111110101001
00100110111111000111001110101001
00101001111111000111110010101001
00111110111111000110101110101001
00101110111111000111101110101001
11010101111111000111111101010110
11011101111111000111011101010110
11111101111111000101011101010110
00111011111111000110111010101001
11100111111111000100110101010110
11010111111111000111110101010110
11011111111111000111010101010110
00110011001100100110011001100111
00111011001100100110111001100111
11111111111111000101010101010110
00101001101100100111110011100111
00110011101100100110011011100111
00101110111100100111101110100111
00101010111100100111111110100111
00101001111100100111110010100111
00111001111100100110110010100111
00101111111100100111101010100111
00111100110010100110100110011111
00110010110010100110011110011111
00101010110010100111111110011111
00111111110010100110101010011111
00110011001010100110011001111111
00101011001010100111111001111111
00111011001010100110111001111111
00111111001010100110101001111111
00110010101010100110011111111111
00111010101010100110111111111111
00111111101010100110101011111111
00111110011010100110101100111111
00111100111010100110100110111111
00111010111010100110111110111111
00111110111010100110101110111111
00101111111010100111101010111111
00111011111010100110111010111111
00110011100110100110011011001111
00101111100110100111101011001111
00111011100110100110111011001111
00110011001110100110011001101111
00111111100110100110101011001111
00101111001110100111101001101111
00111110101110100110101111101111
00111001101110100110110011101111
00110011101110100110011011101111
00101110011110100111101100101111
00101100111110100111100110101111
00111010111110100110111110101111
00101011111110100111111010101111
00110011111110100110011010101111
11110110011001100101110011001100
00111111111110100110101010101111
11110101011001100101111111001100
11011101011001100111011111001100
11110011011001100101100111001100
11010111011001100111110111001100
11110111011001100101110111001100
11010101100101100111111100111100
11011101100101100111011100111100
11111101100101100101011100111100
11010110010101100111110011111100
11110101010101100101111111111100
11010101010101100111111111111100
11011100110101100111011001111100
11111111010101100101010111111100
11011001110101100111001101111100
11011101110101100111011101111100
11111101110101100101011101111100
11110111110101100101110101111100
11010111001101100111110110011100
11110111001101100101110110011100
11111101011101100101011111011100
11010111011101100111110111011100
11110101111101100101111101011100
11111101111101100101011101011100
11011111111101100111010101011100
11011111010101010111010111111111
11010111010101010111110111111111
11111111111101100101010101011100
11010101010101010111111111111111
11010111110101010111110101111111
11010111110111010111110101110111
