Summary of sequences of small complexity=46 which yield debruijn sequences:
Total number of sequences in this file: 139
0000010000100011
0000010000111101
0000010001011011
0000010001100111
0000010001111001
0000010010001001
0000010010010111
0000010010101011
0000010011001101
0000010011010011
0000010011101111
0000010011110001
0000010100001111
0000010100110011
0000010101001011
0000010101010101
0000010101110111
0000010110000111
0000010110011001
0000010111000011
0000010111011101
0000010111100001
0000010111111111
0000011000011101
0000011000100001
0000011001000111
0000011001011001
0000011001100101
0000011001111011
0000011010001011
0000011010010101
0000011010101001
0000011011001111
0000011011010001
0000011011110011
0000011100001101
0000011100010011
0000011100101111
0000011100110001
0000011101001001
0000011101110101
0000011110000101
0000011110011011
0000011110100111
0000011110111001
0000011111011111
0000011111111101
0000100001101011
0000100010100111
0000100011100011
0000100100011101
0000100101011001
0000100110101001
0000101010000111
0000101011111111
0000101110001001
0000110001101111
0000110001110001
0000110011011011
0000110110001111
0000110110110011
0000111000110111
0000111001010001
0000111010111111
0000111011000111
0000111100011011
0000111101100011
0000111111010111
0000111111110101
0001000100100111
0001000101100011
0001000101111101
0001000110001101
0001000110010011
0001000111001001
0001001001001101
0001001001010011
0001001010011111
0001001010100011
0001001100100101
0001001100111011
0001010010011001
0001010100100011
0001010111010011
0001011001001001
0001011001010111
0001011001101011
0001011010011011
0001011011011111
0001011101111011
0001011110110111
0001100011001111
0001100011110011
0001100101001001
0001100101110101
0001100110011011
0001101011001101
0001101100101101
0001101100110011
0001101110011001
0001101110111011
0001101111011101
0001110101001101
0001110110111101
0001111100101001
0001111101101101
0010010011001111
0010010011110011
0010010101010111
0010011001011011
0010011011010011
0010011011101111
0010011101010101
0010011110111011
0010100101011011
0010100101100111
0010100110010111
0010100110110101
0010100111001101
0010100111010011
0010101011011111
0010111010011111
0010111101111111
0011001101011111
0011001111101011
0011011001110111
0011011011111111
0011100111111111
0011110110111111
0011111001111111
0011111011010101
0011111101101111
0011111110111101
0011111111011011
0101010110101111
0101010111010111
0101010111101011
0101101110111111
0101111110111011
