Total: 512
0000000000000101
0000000000011011
0000000000100111
0000000000111001
0000000001000001
0000000001011111
0000000001100011
0000000001111101
0000000010001101
0000000010010011
0000000010101111
0000000010110001
0000000011001001
0000000011010111
0000000011101011
0000000011110101
0000000100001011
0000000100010101
0000000100101001
0000000100110111
0000000101001111
0000000101010001
0000000101101101
0000000101110011
0000000110000011
0000000110011101
0000000110100001
0000000110111111
0000000111000111
0000000111011001
0000000111100101
0000000111111011
0000001000000111
0000001000011001
0000001000100101
0000001000111011
0000001001000011
0000001001011101
0000001001100001
0000001001111111
0000001010001111
0000001010010001
0000001010101101
0000001010110011
0000001011001011
0000001011010101
0000001011101001
0000001011110111
0000001100001001
0000001100010111
0000001100101011
0000001100110101
0000001101001101
0000001101010011
0000001101101111
0000001101110001
0000001110011111
0000001110100011
0000001110111101
0000001111000101
0000001111011011
0000001111100111
0000001111111001
0000010000011111
0000010000100011
0000010000111101
0000010001000101
0000010001011011
0000010001100111
0000010001111001
0000010010001001
0000010010010111
0000010010101011
0000010010110101
0000010011001101
0000010011010011
0000010011101111
0000010011110001
0000010100001111
0000010100010001
0000010100101101
0000010100110011
0000010101001011
0000010101010101
0000010101101001
0000010101110111
0000010110000111
0000010110011001
0000010110100101
0000010110111011
0000010111000011
0000010111011101
0000010111100001
0000010111111111
0000011000011101
0000011000100001
0000011000111111
0000011001000111
0000011001011001
0000011001100101
0000011001111011
0000011010001011
0000011010010101
0000011010101001
0000011010110111
0000011011001111
0000011011010001
0000011011101101
0000011011110011
0000011100001101
0000011100010011
0000011100101111
0000011100110001
0000011101001001
0000011101010111
0000011101101011
0000011101110101
0000011110000101
0000011110011011
0000011110100111
0000011110111001
0000011111011111
0000011111100011
0000011111111101
0000100001001001
0000100001010111
0000100001101011
0000100001110101
0000100010000101
0000100010011011
0000100010100111
0000100010111001
0000100011011111
0000100011100011
0000100011111101
0000100100011101
0000100100111111
0000100101000111
0000100101011001
0000100101100101
0000100101111011
0000100110001011
0000100110010101
0000100110101001
0000100110110111
0000100111001111
0000100111010001
0000100111101101
0000100111110011
0000101000101101
0000101000110011
0000101001001011
0000101001010101
0000101001101001
0000101001110111
0000101010000111
0000101010011001
0000101010100101
0000101010111011
0000101011000011
0000101011011101
0000101011111111
0000101100011111
0000101100100011
0000101100111101
0000101101000101
0000101101011011
0000101101100111
0000101101111001
0000101110001001
0000101110010111
0000101110101011
0000101110110101
0000101111001101
0000101111010011
0000101111101111
0000101111110001
0000110000110101
0000110001001101
0000110001010011
0000110001101111
0000110001110001
0000110010011111
0000110010100011
0000110010111101
0000110011000101
0000110011011011
0000110011100111
0000110011111001
0000110100011001
0000110100100101
0000110100111011
0000110101011101
0000110101111111
0000110110001111
0000110110010001
0000110110101101
0000110110110011
0000110111001011
0000110111010101
0000110111101001
0000110111110111
0000111000101001
0000111000110111
0000111001001111
0000111001010001
0000111001101101
0000111001110011
0000111010011101
0000111010111111
0000111011000111
0000111011011001
0000111011100101
0000111011111011
0000111100011011
0000111100100111
0000111100111001
0000111101011111
0000111101100011
0000111101111101
0000111110001101
0000111110010011
0000111110101111
0000111110110001
0000111111001001
0000111111010111
0000111111101011
0000111111110101
0001000100011011
0001000100100111
0001000100111001
0001000101011111
0001000101100011
0001000101111101
0001000110001101
0001000110010011
0001000110101111
0001000111001001
0001000111010111
0001000111101011
0001000111110101
0001001000101011
0001001000110101
0001001001001101
0001001001010011
0001001001101111
0001001010011111
0001001010100011
0001001010111101
0001001011000101
0001001011011011
0001001011100111
0001001011111001
0001001100011001
0001001100100101
0001001100111011
0001001101011101
0001001101111111
0001001110001111
0001001110101101
0001001110110011
0001001111001011
0001001111010101
0001001111101001
0001001111110111
0001010001010101
0001010001101001
0001010001110111
0001010010011001
0001010010100101
0001010010111011
0001010011011101
0001010011111111
0001010100011111
0001010100100011
0001010100111101
0001010101011011
0001010101100111
0001010101111001
0001010110010111
0001010110101011
0001010110110101
0001010111001101
0001010111010011
0001010111101111
0001011000101111
0001011001001001
0001011001010111
0001011001101011
0001011001110101
0001011010011011
0001011010100111
0001011010111001
0001011011011111
0001011011100011
0001011011111101
0001011100011101
0001011100111111
0001011101000111
0001011101011001
0001011101100101
0001011101111011
0001011110010101
0001011110101001
0001011110110111
0001011111001111
0001011111101101
0001011111110011
0001100011001111
0001100011101101
0001100011110011
0001100100101111
0001100101001001
0001100101010111
0001100101101011
0001100101110101
0001100110011011
0001100110100111
0001100110111001
0001100111011111
0001100111111101
0001101000111101
0001101001011011
0001101001100111
0001101001111001
0001101010010111
0001101010101011
0001101010110101
0001101011001101
0001101011010011
0001101011101111
0001101100101101
0001101100110011
0001101101001011
0001101101010101
0001101101101001
0001101101110111
0001101110011001
0001101110100101
0001101110111011
0001101111011101
0001101111111111
0001110001111111
0001110010001111
0001110010101101
0001110010110011
0001110011001011
0001110011010101
0001110011101001
0001110011110111
0001110100101011
0001110100110101
0001110101001101
0001110101010011
0001110101101111
0001110110011111
0001110110111101
0001110111011011
0001110111100111
0001110111111001
0001111001011111
0001111001111101
0001111010010011
0001111010101111
0001111011001001
0001111011010111
0001111011101011
0001111011110101
0001111100101001
0001111100110111
0001111101001111
0001111101101101
0001111101110011
0001111110011101
0001111110111111
0001111111011001
0001111111100101
0001111111111011
0010010010010101
0010010010110111
0010010011001111
0010010011101101
0010010011110011
0010010100101111
0010010101010111
0010010101101011
0010010101110101
0010010110011011
0010010110100111
0010010111011111
0010010111111101
0010011001011011
0010011001100111
0010011010010111
0010011010101011
0010011010110101
0010011011001101
0010011011010011
0010011011101111
0010011100101101
0010011100110011
0010011101001011
0010011101010101
0010011101110111
0010011110100101
0010011110111011
0010011111011101
0010011111111111
0010100101011011
0010100101100111
0010100110010111
0010100110101011
0010100110110101
0010100111001101
0010100111010011
0010100111101111
0010101001010111
0010101001101011
0010101001110101
0010101010011011
0010101010100111
0010101011011111
0010101011111101
0010101100111111
0010101101111011
0010101110110111
0010101111001111
0010101111101101
0010101111110011
0010110010111111
0010110011111011
0010110101011111
0010110101111101
0010110110101111
0010110111010111
0010110111101011
0010110111110101
0010111001101111
0010111010011111
0010111010111101
0010111011011011
0010111011100111
0010111100111011
0010111101011101
0010111101111111
0010111110101101
0010111110110011
0010111111010101
0010111111110111
0011001101011111
0011001101111101
0011001110101111
0011001111010111
0011001111101011
0011001111110101
0011010011011111
0011010011111101
0011010100111111
0011010101111011
0011010110110111
0011010111001111
0011010111101101
0011011001110111
0011011010111011
0011011011011101
0011011011111111
0011011100111101
0011011101011011
0011011101100111
0011011110101011
0011011110110101
0011011111101111
0011100111011101
0011100111111111
0011101001111011
0011101010110111
0011101011001111
0011101011101101
0011101101010111
0011101101101011
0011101101110101
0011101111011111
0011101111111101
0011110011110101
0011110101101101
0011110110111111
0011110111111011
0011111001111111
0011111010101101
0011111011010101
0011111011110111
0011111101101111
0011111110111101
0011111111011011
0101010101011111
0101010110101111
0101010111010111
0101010111101011
0101011011011011
0101011101111111
0101011111110111
0101101011010111
0101101110111111
0101101111111011
0101110111011111
0101111011101111
0101111101110111
0101111110111011
0101111111111111
0110110111101111
0110111011011111
0111110111111111
