Summary of sequences of small complexity=3 which yield debruijn sequences:
Total number of sequences in this file: 100
00131
00212
00343
00424
01022
01103
01310
01441
02044
02120
02201
02332
03011
03223
03304
03430
04033
04114
04240
04402
10013
10144
10220
10301
11030
11242
11323
11404
12002
12133
12214
12421
13100
13231
13312
13443
14041
14122
14334
14410
20021
20102
20233
20440
21124
21200
21331
21412
22010
22141
22303
22434
23032
23113
23244
23320
24004
24211
24342
24423
30034
30110
30322
30403
31001
31132
31213
31344
32023
32230
32311
32442
33040
33121
33202
33414
34143
34224
34300
34431
40042
40204
40330
40411
41014
41140
41221
41433
42112
42243
42324
42400
43003
43134
43341
43422
44020
44101
44232
44313
