For order 2 complexity 11 : 

Debruijn Sequences generated by the sequence 11111 : 
0033202301104313412214424
0042202331103013443214124
0042402332103013443114122
0043202301103313442214124
0042403443120233221413011
0013104421143223033412402
0032104331144023013412422
0032204334144023013112421
0033104321144223013412402
0013112402303341432204421
0013412402303311432104422
0013412422303211433104402
0032112422301341440204331
0033112402301341442204321
0033412402301311442104322
0044313023322141201103424
0042313443320241221103014
0042413443320231221403011
0044313423320141221103024
0030114431341221042402332
0023320424012214313441103
0012421131032044143340223
0020421431032244112340133
0020421433032234112440131
0022421431032044113340123
0011223041020314213243344
0011223044020324213143341
0013223031020414211243344
0011223341021314203243044
0011223344021324203143041
0013223344021124204143031
0011030412213202334431424
0041030112214202334431324
0042030112214102332431344
0042430110214122332031344
0011031412233202134430424
0014332211204402423034131
0044332211201402413034231
0044032230201312414334211
0044332231201302414034211
0013034140242112044332231
0014034130242312044332211
0014334131242302044032211
0044334211241402013032231
0044034230241312014332211
0044334231241302014032211
0012340224414310320421133
0012440223414330320421131
0013340204414310322421123
0020440133411230322421431
0022340124411310320421433
0022440123411330320421431
0022141134431030123320424
0042141224431330110320234
0042441221431340110320233
0042141234431030113320224
0011243041420310213223344
0013143032420440211223341
0013243031420410211223344
0011243341421310203223044
the number of Debruijn sequences: 60

Debruijn Sequences generated by the sequence 22222 : 
0034301331240411442321022
0011203142233441021324304
0014203112233041021324344
0014403113233041021224342
0021203342231441011324304
0011404102203121324423343
0031404102201121334423243
0034304114201021331223244
0034404112201021331423243
0022010324421404113312343
0032010224423404113312143
0034010224423204114312133
0034310220423244114012133
0022012324411404213310343
0021013230434224033114412
0023013210434124033114422
0023113212434104033014422
0033013410432124023114422
0033113412432104023014422
0033113422432304021014412
0023114422403304341013212
0033014410402124323113422
0033114412402104323013422
0033114422402304321013412
0033121041144232402201343
0033121341140232442201043
0034121331140432442201023
0034321331140412442301022
0010223312132442034304114
0011224304102132334403142
0011324304102122334203144
0014224344102132330403112
0021224304101132314403342
0021324304101122314203344
0021324344101422311203304
0021130403323120144342241
0024130443323120140342211
0024330441323110140342212
0040330211322410144342312
0044130243322120140342311
0044330241322110140342312
0021231014340330422441132
0021431012340320422441133
0022431032340120421441133
0022431132342120401441033
0034232413312010221140443
0034232443312110220140413
0034332442312130220140411
0044232213312010241140343
0041140343024423121332201
0021441012040323422431133
0022441032040123421431133
0022441033040143421231132
0021441133042243403231012
0022441132042123401431033
0022441133042143401231032
0024342212014033231130441
0040342311014413224330212
0040342312014433224130211
0044342312014033221130241
the number of Debruijn sequences: 60

Debruijn Sequences generated by the sequence 33333 : 
0021101443304034224132312
0021201441304034224332311
0024101403304434221132312
0044101403302434231132212
0034302213324114044231201
0041102442322014034331213
0041302443322014034231211
0044302413322114034231201
0021204224310144113234033
0014410212031132434223304
0010213243041122331420344
0010213244041142331220343
0011213243041022334420314
0031213343041022324420114
0033114022010412134324423
0033114023010432134124422
0034114043010232133124422
0033114422013412104324023
0033114423013432104124022
0034114422013312102324043
0010220344233140411213243
0011220314233440410213243
0011420312233430410213244
0031220114232440410213343
0031420112232430410213344
0034420102232430411213314
0011323342243040314410212
0021223113243420330410144
0021323112243440330410142
0021323142243040334410112
0033124023210430134114422
0034124043210230133114422
0034324041210220133114423
0033124423213430104114022
0034231201404433241302211
0034331201404423241102213
0034231211404133244302201
0041331211403423220102443
0044231201403433221302411
0044331201403423221102413
0040332243423113021201441
0022434014411323103304212
0021234224410143113204033
0021434224410123113304032
0022434214410323113304012
0021040331132301441243422
0021240330132311441043422
0023040331132101442243412
0033040231134101442243212
0022441133103201234042143
0022041140103431232442133
0022441143103401232042133
0032441133102201214042343
0022442133123201034041143
0022042140123431032441133
0022442143123401032041133
0032042340121431022441133
0032442343121401022041133
0034042320121331022441143
0033043231144101342240212
the number of Debruijn sequences: 60

Debruijn Sequences generated by the sequence 44444 : 
0022401234411332042143103
0023301221411032042443134
0023401224411032042143133
0042401134412332022143103
0013102112430322334142044
0012303204402242113341431
0013103223402042112441433
0013303224402042112341431
0022303204401242143341131
0030110422144320233134124
0033110432144220230134124
0033210431144240230134122
0042210301141240233134432
0043110332141220230134424
0043210331141240230134422
0042312024130140344332211
0042412023130110344332214
0044312014130240342332211
0044312214134240302332011
0013414321124020442230331
0013114334124210440230322
0013414331124220440230321
0033414421124020432230131
0013020443341403223124211
0013120440341433223024211
0014020443341303221124231
0044020143342303221124131
0011021320314243041223344
0011221324314203041023344
0011221344314103042023324
0041021420313243011223344
0041221424313203011023344
0042021410313443011223324
0011023320304243141221344
0011223324304203141021344
0011223344304103142021324
0041223344301103132021424
0044024143322303421120131
0032230131043341242114402
0042332024030141344312211
0044332011030231342412214
0044332014030241342312211
0042332211034431301412024
0044332211034231302412014
0044332214034241302312011
0030134122023321443110424
0030134124023311443210422
0033134124023011442210432
0043134424023011412210332
0020441124214334013103223
0011242032233414304402131
0011242132230414334402031
0013142112230324334102044
0013242112230314334402041
0022143103204244113401233
0022443103204214113301234
0023443133204214110301224
0042143103202244123401133
0042443103202214123301134
0042143133202344122401103
the number of Debruijn sequences: 60

total number of sequences of small complexity 1 is: 4
total number of debruijn sequences of complexity 11 is: 240
