Summary of sequences of small complexity=45 which DO NOT yield debruijn sequences:
Total number of sequences in this file: 186
0000000000001111
0000000000101101
0000000001001011
0000000001101001
0000000010000111
0000000010100101
0000000011000011
0000000011100001
0000000100011111
0000000100111101
0000000101011011
0000000101111001
0000000110010111
0000000110110101
0000000111010011
0000000111110001
0000001000001101
0000001000101111
0000001001001001
0000001001101011
0000001010000101
0000001010100111
0000001011000001
0000001011100011
0000001100011101
0000001100111111
0000001101011001
0000001101111011
0000001110010101
0000001110110111
0000001111010001
0000001111110011
0000010000101001
0000010001101101
0000010010000011
0000010010100001
0000010011000111
0000010110010011
0000010110110001
0000011001001101
0000011100011001
0000011101111111
0000011111110111
0000100001000011
0000100010001111
0000100011001011
0000100011101001
0000100100110101
0000100101110001
0000100110011111
0000100111011011
0000100111111001
0000101001100011
0000101010001101
0000101010101111
0000101011001001
0000101011101011
0000101100010101
0000101100110111
0000101101110011
0000101110011101
0000101111111011
0000110001000111
0000110001100101
0000110011001111
0000110011101101
0000110100110001
0000110101010111
0000110101110101
0000110110011011
0000110110111001
0000110111011111
0000110111111101
0000111000100011
0000111001100111
0000111010101011
0000111011001101
0000111011101111
0000111100010001
0000111100110011
0000111101010101
0000111101110111
0000111110011001
0000111110111011
0000111111111111
0001000100101101
0001000101001011
0001000101101001
0001000110100101
0001001001011001
0001001001111011
0001001010010101
0001001010110111
0001001011110011
0001001100101111
0001001101001001
0001001101101011
0001001111100011
0001010010010011
0001010011010111
0001010011110101
0001010100101001
0001010101101101
0001010111000111
0001010111100101
0001011000111011
0001011001011101
0001011011010101
0001011011110111
0001011100101011
0001011101001101
0001011101101111
0001011110100011
0001011111100111
0001100011011011
0001100011111001
0001100100100101
0001100110001111
0001100111001011
0001100111101001
0001101000110111
0001101001110011
0001101010011101
0001101011011001
0001101111001001
0001110001110101
0001110011111101
0001110101100101
0001110110101001
0001110111101101
0001111010011001
0001111011011101
0001111011111111
0001111111101111
0010010011100111
0010010100111011
0010010101011101
0010010101111111
0010010111010101
0010011001001111
0010011011100101
0010011101011111
0010011111010111
0010011111110101
0010100101110011
0010100110011101
0010100110111111
0010100111111011
0010101011001011
0010101100110101
0010101101010011
0010101110011111
0010101111011011
0010110011101111
0010110100110011
0010110101110111
0010110111011101
0010110111111111
0010111011001111
0010111011101101
0010111101010111
0010111110011011
0010111111011111
0011010011010101
0011010011110111
0011010101101111
0011010111100111
0011011001111101
0011011011010111
0011011011110101
0011011101001111
0011100111101011
0011101010011111
0011101010111101
0011101011011011
0011101110101101
0011110011111111
0011110110101011
0011111011011111
0011111011111101
0011111111101101
0101011010110111
0101011101101011
0101101011111111
0101111010111111
0110110110111111
