Summary of sequences of small complexity=13 which yield debruijn sequences:
Total number of sequences in this file: 70
0000010001001111
0000010011100101
0000010100011011
0000010100111001
0000010101011111
0000010101111101
0000010111010111
0000010111110101
0000011000101011
0000011001101111
0000011010100011
0000011011000101
0000011011100111
0000011100111011
0000011101011101
0000011110010001
0000011110110011
0000011111010101
0000100010101101
0000100100010111
0000100101010011
0000100110111101
0000101000100111
0000101101010001
0000101110111111
0000101111011001
0000110010001011
0000110010101001
0000110100010011
0000111001000101
0000111010001001
0000111111011101
0001001000111111
0001001110100111
0001010001011111
0001010001111101
0001010101001111
0001011001111111
0001011010110011
0001100110101101
0001101010111111
0001101011111011
0001101100100111
0001101110101111
0001101111101011
0001110010011011
0001110010111001
0001110011011111
0001110111001111
0001111001010101
0001111001110111
0001111010111011
0001111101100111
0001111110101011
0001111111001101
0010010110110011
0010010111110111
0010011001101101
0010011101111101
0010101010101101
0010101110111101
0010110011001101
0010110101010101
0010110110111011
0010111101110101
0010111111111101
0011011101101101
0011110111101111
0101101111101111
0101111011111011
