

Debruijn Sequences generated by the sequence 00000111 : 
0000111111011110001011010111010000001000110110010010101001110011
0000111111011110001011010111001100001000110110010010101001110100
0000111111011110001010100111010000001000110110010010110101110011
0000111111011110001010100111001100001000110110010010110101110100
0000111111011001001011010111010000001000110111100010101001110011
0000111111011001001011010111001100001000110111100010101001110100
0000111111011001001010100111010000001000110111100010110101110011
0000111111011001001010100111001100001000110111100010110101110100
0010011101111110100011010101110000100000011110011000101001011011
0010011101111110100011010101101100100000011110011000101001011100
0010011101111110100010100101110000100000011110011000110101011011
0010011101111110100010100101101100100000011110011000110101011100
0010011101111001100011010101110000100000011111101000101001011011
0010011101111001100011010101101100100000011111101000101001011100
0010011101111001100010100101110000100000011111101000110101011011
0010011101111001100010100101101100100000011111101000110101011100
0010011011010101100011001111011100100001110100101000101111110000
0010011011010101100011001111000000100001110100101000101111110111
0010011011010101100010111111011100100001110100101000110011110000
0010011011010101100010111111000000100001110100101000110011110111
0010011011010010100011001111011100100001110101011000101111110000
0010011011010010100011001111000000100001110101011000101111110111
0010011011010010100010111111011100100001110101011000110011110000
0010011011010010100010111111000000100001110101011000110011110111
0111010110100100110111111000011001110010101000111101100010000001
0111010110100100110111111000000101110010101000111101100010000110
0111010110100100110110001000011001110010101000111101111110000001
0111010110100100110110001000000101110010101000111101111110000110
0111010110100011110111111000011001110010101001001101100010000001
0111010110100011110111111000000101110010101001001101100010000110
0111010110100011110110001000011001110010101001001101111110000001
0111010110100011110110001000000101110010101001001101111110000110
the number of Debruijn sequences: 32


