Summary of sequences of small complexity=10 which yield debruijn sequences:
Total number of sequences in this file: 294
0201551
0305445
0104664
0220343
0110525
0265620
0330161
0136310
0324230
0214412
0142241
0155102
0252066
0161033
0233204
0311306
0032423
0013631
0064146
0045354
0051215
0026562
0402332
0506226
0440616
0356653
0453540
0421124
0343022
0603113
0512150
0550434
0434055
0466401
0563365
0525011
0616044
0544503
1014224
0660252
0641460
0635536
0622605
1001363
1020155
1033016
1046640
1105250
1052501
1130603
1202144
1143534
1124042
1240421
1156465
1162326
1221636
1253352
1215005
1306031
1266213
1312662
1325523
1331454
1344315
1363100
1416556
1422410
1454133
1435341
1441202
1545166
1513443
1532235
1564651
1551020
1604406
1610330
1623261
1460064
1636122
1655614
1500512
2015510
1661545
2021441
2034302
2002656
2040233
2066025
2125335
2131266
2112404
2203430
2144120
2216361
2235153
2163612
2241014
2254645
2260506
2150051
2313255
2326116
2332040
2351532
2364463
2300324
2404211
2410142
2423003
2436634
2501105
2455426
2520660
2442565
2546452
2533521
2565244
2605062
2552313
2611623
2624554
2656200
2643346
3022034
3016103
2662131
3060311
3035665
3054450
3003242
3113060
3126621
3204023
3145413
3132552
3151344
3242300
3236446
3223515
3255231
3261162
3301610
3100136
3320402
3314541
3352125
3346264
3365056
3405504
3411435
3424366
3430220
3462643
3443151
3515322
3534114
3521253
3606355
3553606
3566530
3612216
3650563
3644632
3631001
4010466
3540045
3663424
4023320
4042112
4055043
4061604
4101422
4004535
4114353
4120214
4133145
4165561
4211240
4146006
4224101
4243663
4256524
4262455
4302203
4315134
4340550
4334626
4353411
4230032
4406160
4366342
4412021
4425652
4450305
4431513
4463236
4503054
4516615
4535400
4541331
4554262
4522546
4626433
4632364
4645225
5030544
4651156
5011052
4664010
5056336
5043405
4600641
5062260
5102015
5121500
5115646
5005121
5134431
5153223
5206602
5212533
5166154
5231325
5225464
5244256
5303566
5250110
5322351
5360635
5341143
5335212
5354004
5413314
5426245
5445030
5464522
5451661
5504340
5400453
5510201
5523132
5536063
5542624
5561416
5614165
5646511
5633650
5652442
6031130
6025206
5665303
6044061
5620026
6050622
6063553
6103301
6116232
6006414
6122163
6141655
6154516
6160440
6213126
6232611
6226050
6245542
6264334
6323644
6200265
6336505
6342436
6355360
6361221
6401046
6414600
6310013
6433462
6446323
6505633
6511564
6452254
6465115
6524425
6530356
6556141
6602520
6562002
6615451
6634243
6621312
6640104
6653035
