Total: 294
0013631
0026562
0032423
0045354
0051215
0064146
0104664
0110525
0136310
0142241
0155102
0161033
0201551
0214412
0220343
0233204
0252066
0265620
0305445
0311306
0324230
0330161
0343022
0356653
0402332
0421124
0434055
0440616
0453540
0466401
0506226
0512150
0525011
0544503
0550434
0563365
0603113
0616044
0622605
0635536
0641460
0660252
1001363
1014224
1020155
1033016
1046640
1052501
1105250
1124042
1130603
1143534
1156465
1162326
1202144
1215005
1221636
1240421
1253352
1266213
1306031
1312662
1325523
1331454
1344315
1363100
1416556
1422410
1435341
1441202
1454133
1460064
1500512
1513443
1532235
1545166
1551020
1564651
1604406
1610330
1623261
1636122
1655614
1661545
2002656
2015510
2021441
2034302
2040233
2066025
2112404
2125335
2131266
2144120
2150051
2163612
2203430
2216361
2235153
2241014
2254645
2260506
2300324
2313255
2326116
2332040
2351532
2364463
2404211
2410142
2423003
2436634
2442565
2455426
2501105
2520660
2533521
2546452
2552313
2565244
2605062
2611623
2624554
2643346
2656200
2662131
3003242
3016103
3022034
3035665
3054450
3060311
3100136
3113060
3126621
3132552
3145413
3151344
3204023
3223515
3236446
3242300
3255231
3261162
3301610
3314541
3320402
3346264
3352125
3365056
3405504
3411435
3424366
3430220
3443151
3462643
3515322
3521253
3534114
3540045
3553606
3566530
3606355
3612216
3631001
3644632
3650563
3663424
4004535
4010466
4023320
4042112
4055043
4061604
4101422
4114353
4120214
4133145
4146006
4165561
4211240
4224101
4230032
4243663
4256524
4262455
4302203
4315134
4334626
4340550
4353411
4366342
4406160
4412021
4425652
4431513
4450305
4463236
4503054
4516615
4522546
4535400
4541331
4554262
4600641
4626433
4632364
4645225
4651156
4664010
5005121
5011052
5030544
5043405
5056336
5062260
5102015
5115646
5121500
5134431
5153223
5166154
5206602
5212533
5225464
5231325
5244256
5250110
5303566
5322351
5335212
5341143
5354004
5360635
5400453
5413314
5426245
5445030
5451661
5464522
5504340
5510201
5523132
5536063
5542624
5561416
5614165
5620026
5633650
5646511
5652442
5665303
6006414
6025206
6031130
6044061
6050622
6063553
6103301
6116232
6122163
6141655
6154516
6160440
6200265
6213126
6226050
6232611
6245542
6264334
6310013
6323644
6336505
6342436
6355360
6361221
6401046
6414600
6433462
6446323
6452254
6465115
6505633
6511564
6524425
6530356
6556141
6562002
6602520
6615451
6621312
6634243
6640104
6653035
