Summary of sequences of small complexity=16 which yield debruijn sequences:
Total number of sequences in this file: 512
0000001000000101
0000001000001001
0000001000010111
0000001000011101
0000001000100111
0000001000101011
0000001000101101
0000001000110101
0000001000111001
0000001000111111
0000001001000001
0000001001000111
0000001001001011
0000001001001101
0000001001010011
0000001001011001
0000001001011111
0000001001100101
0000001001101001
0000001001101111
0000001001110001
0000001001110111
0000001001111011
0000001010001011
0000001010001101
0000001010010011
0000001010010101
0000001010011001
0000001010100011
0000001010100101
0000001010101111
0000001010110001
0000001010111101
0000001011000101
0000001011001001
0000001011010001
0000001011010111
0000001011100001
0000001011100111
0000001011101011
0000001011110101
0000001100000111
0000001100001011
0000001100010011
0000001100010101
0000001100011111
0000001100100011
0000001100100101
0000001100101001
0000001100110111
0000001101000011
0000001101000101
0000001101001001
0000001101001111
0000001101010001
0000001101010111
0000001101011101
0000001101100111
0000001101111001
0000001110000011
0000001110001001
0000001110001111
0000001110010001
0000001110010111
0000001110011011
0000001110011101
0000001110100001
0000001110100111
0000001110101011
0000001110101101
0000001110110011
0000001110111001
0000001110111111
0000001111000111
0000001111001011
0000001111010101
0000001111011001
0000001111011111
0000001111100011
0000001111101001
0000001111101111
0000001111110001
0000001111110111
0000010000100111
0000010000101011
0000010000110011
0000010000111111
0000010001110001
0000010010000111
0000010011101011
0000010011110101
0000010011111111
0000010100001101
0000010101110011
0000010101111001
0000010110000011
0000010110000101
0000010110100111
0000010111110111
0000011000001101
0000011000100011
0000011000101111
0000011001100001
0000011001101011
0000011001110101
0000011001111111
0000011010010111
0000011010100001
0000011010110011
0000011010111001
0000011010111111
0000011011110111
0000011100001001
0000011100001111
0000011100100001
0000011100100111
0000011100101101
0000011101001011
0000011101101111
0000011101111011
0000011101111101
0000011110000111
0000011110100011
0000011110110111
0000011111100001
0000011111101011
0000011111110011
0000011111111001
0000100001010011
0000100001100101
0000100001101111
0000100001111011
0000100010000111
0000100010001101
0000100010010011
0000100010011001
0000100010110001
0000100010111101
0000100011001001
0000100011010001
0000100011110101
0000100011111001
0000100011111111
0000100100010011
0000100100010101
0000100100011001
0000100100100101
0000100100110001
0000100100110111
0000100101011101
0000100101110011
0000100101110101
0000100110001001
0000100110001111
0000100110010001
0000100110010111
0000100110100111
0000100110101011
0000100111001101
0000100111010101
0000100111100011
0000100111101111
0000100111110001
0000101000010101
0000101001001001
0000101001101101
0000101001110011
0000101001110101
0000101010001001
0000101010001111
0000101010011011
0000101010101101
0000101010111001
0000101011100101
0000101011101001
0000101011110001
0000101011111011
0000101100010001
0000101100101101
0000101100111001
0000101101000111
0000101101001101
0000101101010011
0000101101010101
0000101101100101
0000101101101111
0000101110011111
0000101110100011
0000101110101001
0000101111010001
0000101111010111
0000101111011011
0000110001011101
0000110001111001
0000110010001001
0000110010010001
0000110010101101
0000110011000111
0000110011001011
0000110011100101
0000110011101001
0000110100010111
0000110100110011
0000110101011001
0000110101111011
0000110110010101
0000110110111101
0000110111101011
0000110111110101
0000111000101101
0000111000110011
0000111001011001
0000111010001011
0000111010011001
0000111010111101
0000111011001001
0000111100010101
0000111100011001
0000111101101101
0000111101111001
0000111110011101
0000111110111111
0000111111011111
0000111111110001
0001000101001111
0001000110001111
0001000110011011
0001000110100111
0001000110110011
0001000111001011
0001000111100011
0001000111100101
0001001000101111
0001001000111101
0001001001011101
0001001001110101
0001001001111001
0001001010110011
0001001010111111
0001001011010101
0001001011011001
0001001011011111
0001001011110111
0001001101000111
0001001101010101
0001001101011111
0001001101100011
0001001101101001
0001001101101111
0001001110001101
0001001110010101
0001001110100011
0001001110110111
0001001111000101
0001001111001001
0001001111001111
0001010001111001
0001010010101101
0001010010110011
0001010011001101
0001010011010101
0001010011101111
0001010011111101
0001010100010111
0001010100011101
0001010100100111
0001010100101011
0001010100101101
0001010100111001
0001010101010101
0001010101011001
0001010101100101
0001010101101001
0001010110001011
0001010110100011
0001010110101111
0001010111001001
0001010111001111
0001010111010111
0001010111101101
0001010111110101
0001010111111111
0001011000111001
0001011001000111
0001011001001011
0001011001100101
0001011001111011
0001011010010101
0001011010100011
0001011010100101
0001011011001111
0001011011100111
0001011011110101
0001011100100011
0001011100110111
0001011101001001
0001011101010111
0001011101100111
0001011101110011
0001011101111111
0001011110001111
0001011111100101
0001100011011001
0001100011011111
0001100011111011
0001100100111111
0001100101011111
0001100110100101
0001100110101001
0001100110101111
0001100111011101
0001100111111111
0001101000110101
0001101001001101
0001101001101111
0001101010010101
0001101010011111
0001101010110111
0001101100011111
0001101101111111
0001101111000111
0001101111001101
0001110001111011
0001110010010101
0001110010011111
0001110011011101
0001110011101101
0001110011111111
0001110101011101
0001110101110101
0001110110011101
0001110110101011
0001110110111001
0001110110111111
0001110111011111
0001110111101001
0001111000111101
0001111001101101
0001111001110101
0001111001111001
0001111001111111
0001111010110011
0001111010110101
0001111010111111
0001111011001011
0001111011011001
0001111011011111
0001111011100101
0001111100100111
0001111100101011
0001111101010011
0001111101011001
0001111101101001
0001111101101111
0001111101110111
0001111110010011
0001111110101001
0001111110101111
0001111110110111
0001111111001111
0001111111011011
0001111111011101
0001111111100111
0001111111110011
0001111111110101
0010010010101011
0010010011010101
0010010011011111
0010010011111011
0010010100101011
0010010100101101
0010010101010101
0010010101011111
0010010101111011
0010010110011111
0010010110100101
0010010110110111
0010010110111101
0010010111101101
0010010111111111
0010011001010011
0010011001101111
0010011001111011
0010011010100101
0010011011110011
0010011011110101
0010011101101101
0010011110110011
0010011111001101
0010011111010101
0010011111111101
0010100101001011
0010100101001101
0010100101010101
0010100101110111
0010100101111011
0010100110110111
0010100110111101
0010100111010111
0010100111011011
0010100111011101
0010101001011111
0010101001110111
0010101001111101
0010101011010111
0010101011011101
0010101011110011
0010101011110101
0010101100111011
0010101101101101
0010101110011101
0010101110101101
0010101110110011
0010101111001011
0010101111001101
0010101111010101
0010101111011111
0010110011100111
0010110011101011
0010110011110101
0010110101011101
0010110101101011
0010110101110101
0010110110110011
0010110110110101
0010110110111111
0010110111110111
0010110111111101
0010111001100111
0010111001101011
0010111001110101
0010111010101101
0010111011010101
0010111011101111
0010111011111011
0010111100111111
0010111101011111
0010111101111101
0010111110011111
0010111110111011
0010111110111101
0010111111010111
0010111111101011
0010111111101101
0011001100110111
0011001100111011
0011001101010111
0011001101011011
0011001101101011
0011001101101101
0011001101110101
0011001110100111
0011001110101011
0011001110111111
0011001111010101
0011001111011111
0011001111101111
0011001111110111
0011010011010111
0011010011100111
0011010011110101
0011010100110111
0011010101010111
0011010110011011
0011010110011101
0011010110101101
0011010111011111
0011010111110111
0011010111111101
0011011010111111
0011011101101111
0011011101111101
0011011110110111
0011011111011101
0011011111111111
0011101010101011
0011101011010101
0011101011111101
0011101101111011
0011101110011111
0011101111001111
0011101111101011
0011101111101101
0011110011110111
0011110100111111
0011110110111011
0011110111011101
0011111001111101
0011111010111101
0011111011101011
0011111011110101
0011111011111111
0011111101011011
0011111101101101
0011111111011111
0011111111111011
0101010101011011
0101010111011111
0101010111101111
0101010111110111
0101011101110111
0101101011101111
0101101011110111
0101101111111111
0101110101110111
0101111111111011
0110110110110111
0110111110111111
0110111111011111
0111011101111111
0111101111011111
0111111111111111
