Summary of sequences of small complexity=12 which DO NOT yield debruijn sequences:
Total number of sequences in this file: 98
0000000000010001
0000000001110111
0000000010111011
0000000011011101
0000000100100011
0000000101000101
0000000110001001
0000000111101111
0000010000010101
0000010001110011
0000010010111111
0000010011011001
0000010100100111
0000010110001101
0000010111101011
0000011000010111
0000011001110001
0000011010111101
0000011011011011
0000011100100101
0000011101000011
0000011110001111
0000011111101001
0000100001111111
0000100010110011
0000100011010101
0000100100101011
0000100101001101
0000100111100111
0000101000011011
0000101010110001
0000101011010111
0000101100101001
0000101101001111
0000110001111011
0000110011010001
0000110101001001
0000110111100011
0000111000011111
0000111001111001
0000111010110101
0000111100101101
0001000101010101
0001000111111111
0001001001100101
0001001010101001
0001001011001111
0001001101010111
0001001111111101
0001010001100011
0001010011001001
0001010100110111
0001010111111011
0001011010101101
0001011011001011
0001011101010011
0001011110011111
0001011111111001
0001100100111011
0001100101011101
0001100111110111
0001101001101101
0001101011000111
0001101110010011
0001101111110101
0001110010100111
0001110100111111
0001110101011001
0001110110010101
0001110111110011
0001111001101001
0001111100111101
0001111110010111
0010010010011111
0010010110101101
0010010111001011
0010011010011101
0010011011111011
0010011110101111
0010100101101101
0010101001011101
0010101011110111
0010111101101011
0010111110100111
0011001101110111
0011001110111011
0011010110111101
0011011110111111
0011100111010111
0011101101111111
0011101111010101
0011111101111011
0011111110110111
0101010101110111
0101010110111011
0101011111011111
0101110101111111
0111011111111111
