Summary of sequences of small complexity=0 which yield debruijn sequences:
Total number of sequences in this file: 384
0010513
0010546
0010623
0012036
0012053
0013032
0013051
0013205
0013206
0014035
0014056
0015031
0015054
0015405
0020315
0020326
0020546
0021035
0021063
0023031
0023062
0023103
0024036
0024065
0026032
0026064
0026403
0026405
0030132
0030154
0030462
0031015
0031023
0031501
0032013
0032026
0032601
0032604
0035014
0035021
0036012
0036024
0040315
0040623
0040645
0041053
0041065
0042056
0042063
0045051
0045064
0045103
0045106
0046054
0046062
0046206
0050231
0050451
0050462
0051013
0051045
0051302
0051304
0053012
0053041
0054015
0054046
0054604
0056014
0056042
0060154
0060231
0060264
0062023
0062046
0062302
0063021
0063042
0064026
0064045
0064501
0064502
0065024
0065041
0100315
0105460
0106230
0115325
0120036
0120053
0120360
0120530
0130032
0132003
0132050
0132060
0140056
0140560
0150054
0150310
0200623
0203150
0205460
0210035
0210350
0223643
0230031
0230620
0240036
0240065
0240360
0240650
0260064
0264006
0264030
0264050
0300231
0301540
0304620
0310015
0310230
0320026
0326002
0326010
0326040
0331261
0350014
0350140
0360012
0360024
0360120
0360240
0400546
0403150
0406230
0410053
0410065
0410530
0410650
0420063
0420630
0446516
0450051
0451005
0451030
0451060
0460062
0460540
0500154
0502310
0504620
0510013
0513001
0513020
0513040
0530012
0530041
0530120
0530410
0540046
0540150
0554134
0560042
0560420
0600462
0601540
0602310
0620023
0620460
0630021
0630210
0640045
0645004
0645010
0645020
0650024
0650041
0650240
0650410
0662452
1001305
1003260
1003502
1005023
1006023
1006302
1006450
1006504
1023003
1030023
1035002
1045005
1051300
1052351
1063002
1065004
1105235
1153250
1200530
1203600
1261033
1300105
1304005
1320030
1320600
1400350
1405600
1455043
1500203
1501003
1540060
1540500
1604465
1621330
2002603
2003046
2005046
2005130
2005301
2005604
2006304
2006450
2013003
2032600
2034632
2046006
2053001
2056004
2060046
2063004
2100630
2103500
2133016
2203463
2236430
2300406
2302006
2310050
2310300
2400360
2406500
2452066
2501153
2542660
2600203
2601003
2640060
2640500
3001062
3002106
3002640
3003201
3004062
3004105
3004206
3004510
3013200
3016213
3020062
3021006
3041005
3042006
3051001
3062002
3100602
3103002
3150040
3150100
3200301
3205001
3260020
3260400
3301621
3312610
3405541
3463220
3500210
3501400
3511052
3600120
3602400
3643022
4003015
4003260
4003501
4003602
4004506
4005130
4005601
4006015
4015005
4026006
4035001
4036002
4050015
4056001
4061564
4064500
4100650
4105300
4134055
4200560
4206300
4266025
4302236
4314550
4406156
4465160
4500406
4502006
4510050
4510300
4600105
4604005
4620030
4620600
5001320
5001403
5002031
5002103
5002406
5002640
5004031
5005104
5010031
5014003
5021003
5024006
5031001
5043145
5045100
5064004
5100504
5106004
5130010
5130200
5206624
5235110
5300410
5301200
5325011
5400301
5405001
5460020
5460400
5504314
5541340
5600140
5604200
5644061
6001054
6001203
6001320
6001405
6002054
6004205
6004510
6006402
6012003
6014005
6025426
6026400
6032002
6040054
6042005
6054004
6103312
6156440
6200504
6206004
6230010
6230200
6300420
6302100
6322034
6400602
6403002
6450040
6450100
6500240
6504100
6516044
6602542
6624520
