Summary of sequences of small complexity=5 which yield debruijn sequences:
Total number of sequences in this file: 80
00102
00103
00201
00204
00301
00304
00402
00403
01002
01003
01020
01030
01132
01433
02001
02004
02010
02040
02214
02311
03001
03004
03010
03040
03244
03341
04002
04003
04020
04030
04122
04423
10020
10030
10200
10231
10300
10334
11023
11320
12204
13201
14022
14330
20010
20040
20100
20113
20400
20412
21402
22041
22140
23044
23110
24403
30010
30040
30100
30143
30400
30442
31102
32011
32440
33014
33410
34103
40020
40030
40200
40221
40300
40324
41033
41220
42304
43301
44032
44230
