Summary of sequences of small complexity=14 which yield debruijn sequences:
Total number of sequences in this file: 137
0000001000000111
0000001000100101
0000001000111011
0000001001000011
0000001001111111
0000001010001111
0000001010010001
0000001010101101
0000001010110011
0000001011010101
0000001011110111
0000001100001001
0000001100010111
0000001100101011
0000001100110101
0000001101010011
0000001101101111
0000001101110001
0000001110011111
0000001110100011
0000001110111101
0000001111000101
0000001111011011
0000001111100111
0000001111111001
0000010000100011
0000010010010111
0000010010101011
0000010100001111
0000010100110011
0000010101001011
0000010101110111
0000010111000011
0000010111111111
0000011000011101
0000011000100001
0000011001100101
0000011010010101
0000011010101001
0000011101001001
0000011101110101
0000011110000101
0000011111111101
0000100010011011
0000100010111001
0000100011100011
0000100101011001
0000100101111011
0000100110001011
0000100110101001
0000100111010001
0000100111110011
0000101001010101
0000101010100101
0000101100011111
0000101110010111
0000110001101111
0000110001110001
0000110010011111
0000110011100111
0000110011111001
0000110100011001
0000110101111111
0000110110010001
0000110111101001
0000110111110111
0000111001110011
0000111010011101
0000111011111011
0000111101100011
0000111110001101
0000111110010011
0000111111101011
0001000100100111
0001000111001001
0001001000101011
0001001000110101
0001001010011111
0001001100100101
0001001111001011
0001010010011001
0001010010111011
0001010011011101
0001010011111111
0001010110101011
0001010111001101
0001011001110101
0001011101100101
0001011110110111
0001100101101011
0001100110011011
0001100110100111
0001101001111001
0001101010110101
0001101011010011
0001101011101111
0001101100110011
0001101110100101
0001101111111111
0001110001111111
0001110010110011
0001110110111101
0001111011101011
0001111100101001
0001111111100101
0001111111111011
0010010010010101
0010010101110101
0010011101110111
0010011111111111
0010100101011011
0010100110110101
0010101001101011
0010101010100111
0010101111001111
0010110101111101
0010110110101111
0010111010011111
0010111011011011
0010111101111111
0010111110101101
0010111111110111
0011001110101111
0011001111010111
0011010111001111
0011011011011101
0011101011001111
0011101111111101
0011110011110101
0011110101101101
0011111110111101
0101010101011111
0101010111010111
0101101011010111
0101110111011111
0101111101110111
0101111111111111

