Summary of sequences of small complexity=43 which DO NOT yield debruijn sequences:
Total number of sequences in this file: 46
0000000000110011
0000000010011001
0000000101100111
0000000111001101
0000001000110001
0000001010011011
0000001101100101
0000001111001111
0000011010011111
0000011111001011
0000100010010001
0000100111000101
0000101000111001
0000101101101101
0000110000111111
0000110101101011
0000111010010111
0001001010001011
0001001101110101
0001001111011111
0001010010001101
0001010111011001
0001011010001111
0001011111011011
0001100101111111
0001101101111101
0001101111010111
0001110101111011
0001111101111001
0001111111010011
0010010010111101
0010011010111111
0010011111101011
0010100101001111
0010101101001101
0010101111100111
0010110010110101
0010111010110111
0011001111111111
0011011010101111
0011011111111011
0011100111110101
0011101101011101
0011101111110111
0011110101011011
0110111011110111
