Summary of sequences of small complexity=17 which DO NOT yield debruijn sequences:
Total number of sequences in this file: 1412
00000000000000001111111111111111
00000000000000101111111111111101
00000000000001001111111111111011
00000000000001101111111111111001
00000000000010001111111111110111
00000000000010101111111111110101
00000000000011001111111111110011
00000000000011101111111111110001
00000000000100001111111111101111
00000000000100101111111111101101
00000000000101001111111111101011
00000000000101101111111111101001
00000000000110001111111111100111
00000000000110101111111111100101
00000000000111001111111111100011
00000000000111101111111111100001
00000000001000001111111111011111
00000000001000101111111111011101
00000000001001001111111111011011
00000000001001101111111111011001
00000000001010001111111111010111
00000000001010101111111111010101
00000000001011001111111111010011
00000000001011101111111111010001
00000000001100001111111111001111
00000000001100101111111111001101
00000000001101001111111111001011
00000000001101101111111111001001
00000000001110001111111111000111
00000000001110101111111111000101
00000000001111001111111111000011
00000000001111101111111111000001
00000000010000001111111110111111
00000000010000101111111110111101
00000000010001001111111110111011
00000000010001101111111110111001
00000000010010001111111110110111
00000000010010101111111110110101
00000000010011001111111110110011
00000000010011101111111110110001
00000000010100001111111110101111
00000000010100101111111110101101
00000000010101001111111110101011
00000000010101101111111110101001
00000000010110001111111110100111
00000000010110101111111110100101
00000000010111001111111110100011
00000000010111101111111110100001
00000000011000001111111110011111
00000000011000101111111110011101
00000000011001001111111110011011
00000000011001101111111110011001
00000000011010001111111110010111
00000000011010101111111110010101
00000000011011001111111110010011
00000000011011101111111110010001
00000000011100001111111110001111
00000000011100101111111110001101
00000000011101001111111110001011
00000000011101101111111110001001
00000000011110001111111110000111
00000000011110101111111110000101
00000000011111001111111110000011
00000000011111101111111110000001
00000000100000001111111101111111
00000000100000101111111101111101
00000000100001001111111101111011
00000000100001101111111101111001
00000000100010001111111101110111
00000000100010101111111101110101
00000000100011001111111101110011
00000000100011101111111101110001
00000000100100001111111101101111
00000000100100101111111101101101
00000000100101001111111101101011
00000000100101101111111101101001
00000000100110001111111101100111
00000000100110101111111101100101
00000000100111001111111101100011
00000000100111101111111101100001
00000000101000001111111101011111
00000000101000101111111101011101
00000000101001001111111101011011
00000000101001101111111101011001
00000000101010001111111101010111
00000000101010101111111101010101
00000000101011001111111101010011
00000000101011101111111101010001
00000000101100001111111101001111
00000000101100101111111101001101
00000000101101001111111101001011
00000000101101101111111101001001
00000000101110001111111101000111
00000000101110101111111101000101
00000000101111001111111101000011
00000000101111101111111101000001
00000000110000001111111100111111
00000000110000101111111100111101
00000000110001001111111100111011
00000000110001101111111100111001
00000000110010001111111100110111
00000000110010101111111100110101
00000000110011001111111100110011
00000000110011101111111100110001
00000000110100001111111100101111
00000000110100101111111100101101
00000000110101001111111100101011
00000000110101101111111100101001
00000000110110001111111100100111
00000000110110101111111100100101
00000000110111001111111100100011
00000000110111101111111100100001
00000000111000001111111100011111
00000000111000101111111100011101
00000000111001001111111100011011
00000000111001101111111100011001
00000000111010001111111100010111
00000000111010101111111100010101
00000000111011001111111100010011
00000000111011101111111100010001
00000000111100001111111100001111
00000000111100101111111100001101
00000000111101001111111100001011
00000000111101101111111100001001
00000000111110001111111100000111
00000000111110101111111100000101
00000000111111001111111100000011
00000000111111101111111100000001
00000001000000101111111011111101
00000001000001001111111011111011
00000001000001101111111011111001
00000001000010001111111011110111
00000001000010101111111011110101
00000001000011001111111011110011
00000001000011101111111011110001
00000001000100001111111011101111
00000001000100101111111011101101
00000001000101001111111011101011
00000001000101101111111011101001
00000001000110001111111011100111
00000001000110101111111011100101
00000001000111001111111011100011
00000001000111101111111011100001
00000001001000001111111011011111
00000001001000101111111011011101
00000001001001001111111011011011
00000001001001101111111011011001
00000001001010001111111011010111
00000001001010101111111011010101
00000001001011001111111011010011
00000001001011101111111011010001
00000001001100001111111011001111
00000001001100101111111011001101
00000001001101001111111011001011
00000001001101101111111011001001
00000001001110001111111011000111
00000001001110101111111011000101
00000001001111001111111011000011
00000001001111101111111011000001
00000001010000001111111010111111
00000001010000101111111010111101
00000001010001001111111010111011
00000001010001101111111010111001
00000001010010001111111010110111
00000001010010101111111010110101
00000001010011001111111010110011
00000001010011101111111010110001
00000001010100001111111010101111
00000001010100101111111010101101
00000001010101001111111010101011
00000001010101101111111010101001
00000001010110001111111010100111
00000001010110101111111010100101
00000001010111001111111010100011
00000001010111101111111010100001
00000001011000001111111010011111
00000001011000101111111010011101
00000001011001001111111010011011
00000001011001101111111010011001
00000001011010001111111010010111
00000001011010101111111010010101
00000001011011001111111010010011
00000001011011101111111010010001
00000001011100001111111010001111
00000001011100101111111010001101
00000001011101001111111010001011
00000001011101101111111010001001
00000001011110001111111010000111
00000001011110101111111010000101
00000001011111001111111010000011
00000001011111101111111010000001
00000001100000001111111001111111
00000001100000101111111001111101
00000001100001001111111001111011
00000001100001101111111001111001
00000001100010001111111001110111
00000001100010101111111001110101
00000001100011001111111001110011
00000001100011101111111001110001
00000001100100001111111001101111
00000001100100101111111001101101
00000001100101001111111001101011
00000001100101101111111001101001
00000001100110001111111001100111
00000001100110101111111001100101
00000001100111001111111001100011
00000001100111101111111001100001
00000001101000001111111001011111
00000001101000101111111001011101
00000001101001001111111001011011
00000001101001101111111001011001
00000001101010001111111001010111
00000001101010101111111001010101
00000001101011001111111001010011
00000001101011101111111001010001
00000001101100001111111001001111
00000001101100101111111001001101
00000001101101001111111001001011
00000001101101101111111001001001
00000001101110001111111001000111
00000001101110101111111001000101
00000001101111001111111001000011
00000001101111101111111001000001
00000001110000001111111000111111
00000001110000101111111000111101
00000001110001001111111000111011
00000001110001101111111000111001
00000001110010001111111000110111
00000001110010101111111000110101
00000001110011001111111000110011
00000001110011101111111000110001
00000001110100001111111000101111
00000001110100101111111000101101
00000001110101001111111000101011
00000001110101101111111000101001
00000001110110001111111000100111
00000001110110101111111000100101
00000001110111001111111000100011
00000001110111101111111000100001
00000001111000001111111000011111
00000001111000101111111000011101
00000001111001001111111000011011
00000001111001101111111000011001
00000001111010001111111000010111
00000001111010101111111000010101
00000001111011001111111000010011
00000001111011101111111000010001
00000001111100001111111000001111
00000001111100101111111000001101
00000001111101001111111000001011
00000001111101101111111000001001
00000001111110001111111000000111
00000001111110101111111000000101
00000010000101001111110111101011
00000010000101101111110111101001
00000010000110101111110111100101
00000010001000001111110111011111
00000010001110101111110111000101
00000010001111001111110111000011
00000010010001001111110110111011
00000010010010101111110110110101
00000010010101001111110110101011
00000010010111101111110110100001
00000010011011001111110110010011
00000010011110001111110110000111
00000010100001001111110101111011
00000010100011101111110101110001
00000010100111101111110101100001
00000010101101101111110101001001
00000010111101001111110100001011
00000011000011101111110011110001
00000011001001101111110011011001
00000011001100001111110011001111
00000011010000101111110010111101
00000011010001001111110010111011
00000011010101101111110010101001
00000011010111101111110010100001
00000011011100001111110010001111
00000011011101001111110010001011
00000011011101101111110010001001
00000011011110001111110010000111
00000011011110101111110010000101
00000011100001001111110001111011
00000011100001101111110001111001
00000011110001001111110000111011
00000011110011001111110000110011
00000011111011101111110000010001
00000100000100101111101111101101
00000100000101001111101111101011
00000100000101101111101111101001
00000100000110001111101111100111
00000100000110101111101111100101
00000100000111001111101111100011
00000100001000001111101111011111
00000100001001001111101111011011
00000100001010001111101111010111
00000100001010101111101111010101
00000100001011001111101111010011
00000100001011101111101111010001
00000100001100001111101111001111
00000100001101001111101111001011
00000100001101101111101111001001
00000100001110001111101111000111
00000100001110101111101111000101
00000100001111001111101111000011
00000100010000101111101110111101
00000100010001001111101110111011
00000100010001101111101110111001
00000100010010001111101110110111
00000100010010101111101110110101
00000100010011001111101110110011
00000100010011101111101110110001
00000100010100001111101110101111
00000100010101001111101110101011
00000100010110001111101110100111
00000100010111001111101110100011
00000100010111101111101110100001
00000100011000001111101110011111
00000100011000101111101110011101
00000100011001101111101110011001
00000100011010001111101110010111
00000100011011001111101110010011
00000100011011101111101110010001
00000100011100001111101110001111
00000100011100101111101110001101
00000100011101001111101110001011
00000100011101101111101110001001
00000100011110001111101110000111
00000100100000101111101101111101
00000100100001001111101101111011
00000100100001101111101101111001
00000100100010001111101101110111
00000100100010101111101101110101
00000100100011101111101101110001
00000100100100001111101101101111
00000100100100101111101101101101
00000100100101001111101101101011
00000100100101101111101101101001
00000100100110001111101101100111
00000100100111101111101101100001
00000100101000001111101101011111
00000100101000101111101101011101
00000100101001001111101101011011
00000100101100001111101101001111
00000100101101001111101101001011
00000100101101101111101101001001
00000100101110101111101101000101
00000100110000101111101100111101
00000100110001001111101100111011
00000100110001101111101100111001
00000100110010001111101100110111
00000100110010101111101100110101
00000100110011101111101100110001
00000100110101001111101100101011
00000100110110001111101100100111
00000100110110101111101100100101
00000100110111001111101100100011
00000100111000001111101100011111
00000100111001001111101100011011
00000100111001101111101100011001
00000100111010101111101100010101
00000100111011001111101100010011
00000100111011101111101100010001
00000100111100001111101100001111
00000100111100101111101100001101
00000100111101001111101100001011
00000100111101101111101100001001
00000100111110001111101100000111
00000100111110101111101100000101
00000101000001101111101011111001
00000101000010001111101011110111
00000101000011001111101011110011
00000101000100101111101011101101
00000101000101001111101011101011
00000101000101101111101011101001
00000101000110001111101011100111
00000101000111001111101011100011
00000101000111101111101011100001
00000101001000001111101011011111
00000101001000101111101011011101
00000101001001001111101011011011
00000101001001101111101011011001
00000101001010101111101011010101
00000101001100101111101011001101
00000101001110001111101011000111
00000101010000101111101010111101
00000101010001001111101010111011
00000101010001101111101010111001
00000101010010101111101010110101
00000101010011001111101010110011
00000101010100001111101010101111
00000101010100101111101010101101
00000101010110001111101010100111
00000101010110101111101010100101
00000101010111001111101010100011
00000101010111101111101010100001
00000101011001001111101010011011
00000101011001101111101010011001
00000101011010001111101010010111
00000101011010101111101010010101
00000101011011001111101010010011
00000101011011101111101010010001
00000101011100001111101010001111
00000101011100101111101010001101
00000101011101001111101010001011
00000101011101101111101010001001
00000101011110001111101010000111
00000101011111001111101010000011
00000101100001101111101001111001
00000101100010001111101001110111
00000101100010101111101001110101
00000101100011001111101001110011
00000101100011101111101001110001
00000101100100001111101001101111
00000101100100101111101001101101
00000101100101001111101001101011
00000101100110001111101001100111
00000101100110101111101001100101
00000101100111001111101001100011
00000101101000001111101001011111
00000101101000101111101001011101
00000101101001001111101001011011
00000101101010001111101001010111
00000101101010101111101001010101
00000101101100001111101001001111
00000101101100101111101001001101
00000101101101101111101001001001
00000101101110001111101001000111
00000101101110101111101001000101
00000101101111001111101001000011
00000101110000101111101000111101
00000101110001001111101000111011
00000101110010001111101000110111
00000101110011001111101000110011
00000101110011101111101000110001
00000101110100001111101000101111
00000101110100101111101000101101
00000101110101101111101000101001
00000101110110001111101000100111
00000101110110101111101000100101
00000101111000001111101000011111
00000101111000101111101000011101
00000101111001001111101000011011
00000101111001101111101000011001
00000101111010001111101000010111
00000101111010101111101000010101
00000101111011001111101000010011
00000101111011101111101000010001
00000101111100001111101000001111
00000110000011001111100111110011
00000110000100101111100111101101
00000110000101001111100111101011
00000110000110001111100111100111
00000110000111001111100111100011
00000110000111101111100111100001
00000110001000001111100111011111
00000110001001101111100111011001
00000110001010001111100111010111
00000110001010101111100111010101
00000110001011001111100111010011
00000110001011101111100111010001
00000110001100001111100111001111
00000110001100101111100111001101
00000110001101001111100111001011
00000110001110101111100111000101
00000110001111001111100111000011
00000110010000101111100110111101
00000110010001001111100110111011
00000110010001101111100110111001
00000110010010001111100110110111
00000110010010101111100110110101
00000110010011001111100110110011
00000110010011101111100110110001
00000110010100001111100110101111
00000110010101001111100110101011
00000110010110001111100110100111
00000110010111001111100110100011
00000110010111101111100110100001
00000110011000001111100110011111
00000110011000101111100110011101
00000110011001001111100110011011
00000110011010001111100110010111
00000110011010101111100110010101
00000110011011001111100110010011
00000110011011101111100110010001
00000110011100001111100110001111
00000110011100101111100110001101
00000110011101001111100110001011
00000110011110001111100110000111
00000110011110101111100110000101
00000110100001001111100101111011
00000110100001101111100101111001
00000110100010001111100101110111
00000110100010101111100101110101
00000110100011001111100101110011
00000110100011101111100101110001
00000110100100001111100101101111
00000110100101001111100101101011
00000110100101101111100101101001
00000110100110001111100101100111
00000110100111001111100101100011
00000110100111101111100101100001
00000110101001101111100101011001
00000110101011001111100101010011
00000110101011101111100101010001
00000110101100001111100101001111
00000110101100101111100101001101
00000110101101001111100101001011
00000110101101101111100101001001
00000110101110101111100101000101
00000110101111001111100101000011
00000110110000101111100100111101
00000110110001101111100100111001
00000110110010001111100100110111
00000110110010101111100100110101
00000110110011001111100100110011
00000110110100001111100100101111
00000110110100101111100100101101
00000110110101101111100100101001
00000110110110001111100100100111
00000110110110101111100100100101
00000110110111101111100100100001
00000110111000001111100100011111
00000110111000101111100100011101
00000110111001101111100100011001
00000110111010101111100100010101
00000110111011001111100100010011
00000110111011101111100100010001
00000110111100001111100100001111
00000110111101001111100100001011
00000110111101101111100100001001
00000110111110001111100100000111
00000111000010101111100011110101
00000111000011001111100011110011
00000111000011101111100011110001
00000111000100001111100011101111
00000111000100101111100011101101
00000111000110001111100011100111
00000111000110101111100011100101
00000111000111101111100011100001
00000111001000001111100011011111
00000111001000101111100011011101
00000111001001001111100011011011
00000111001001101111100011011001
00000111001010001111100011010111
00000111001010101111100011010101
00000111001011001111100011010011
00000111001011101111100011010001
00000111001100101111100011001101
00000111001101001111100011001011
00000111001101101111100011001001
00000111001110001111100011000111
00000111001110101111100011000101
00000111001111001111100011000011
00000111010000101111100010111101
00000111010010001111100010110111
00000111010010101111100010110101
00000111010011001111100010110011
00000111010011101111100010110001
00000111010100001111100010101111
00000111010100101111100010101101
00000111010110001111100010100111
00000111010111001111100010100011
00000111010111101111100010100001
00000111011000001111100010011111
00000111011000101111100010011101
00000111011001001111100010011011
00000111011001101111100010011001
00000111011010001111100010010111
00000111011011001111100010010011
00000111011011101111100010010001
00000111011100101111100010001101
00000111011101001111100010001011
00000111011101101111100010001001
00000111011110101111100010000101
00000111100001001111100001111011
00000111100001101111100001111001
00000111100010101111100001110101
00000111100011001111100001110011
00000111100011101111100001110001
00000111100100001111100001101111
00000111100100101111100001101101
00000111100101001111100001101011
00000111100101101111100001101001
00000111100111001111100001100011
00000111100111101111100001100001
00000111101000001111100001011111
00000111101000101111100001011101
00000111101001001111100001011011
00000111101010001111100001010111
00000111101010101111100001010101
00000111101011001111100001010011
00000111101011101111100001010001
00000111101100001111100001001111
00000111101100101111100001001101
00000111101101001111100001001011
00000111101101101111100001001001
00000111101110001111100001000111
00001000010000101111011110111101
00001000010001001111011110111011
00001000010001101111011110111001
00001000010010001111011110110111
00001000010011001111011110110011
00001000010011101111011110110001
00001000010100001111011110101111
00001000010100101111011110101101
00001000010101001111011110101011
00001000010110101111011110100101
00001000010111001111011110100011
00001000011000101111011110011101
00001000011001001111011110011011
00001000011001101111011110011001
00001000011010001111011110010111
00001000011010101111011110010101
00001000011011001111011110010011
00001000011011101111011110010001
00001000011100001111011110001111
00001000011101001111011110001011
00001000011101101111011110001001
00001000011110001111011110000111
00001000011110101111011110000101
00001000100001001111011101111011
00001000100001101111011101111001
00001000100010101111011101110101
00001000100011001111011101110011
00001000100011101111011101110001
00001000100100001111011101101111
00001000100100101111011101101101
00001000100101001111011101101011
00001000100101101111011101101001
00001000100110001111011101100111
00001000100110101111011101100101
00001000100111001111011101100011
00001000101001001111011101011011
00001000101001101111011101011001
00001000101010001111011101010111
00001000101010101111011101010101
00001000101011001111011101010011
00001000101011101111011101010001
00001000101100001111011101001111
00001000101100101111011101001101
00001000101101001111011101001011
00001000101110001111011101000111
00001000101110101111011101000101
00001000110010101111011100110101
00001000110011001111011100110011
00001000110011101111011100110001
00001000110100001111011100101111
00001000110101001111011100101011
00001000110101101111011100101001
00001000110110001111011100100111
00001000110110101111011100100101
00001000110111001111011100100011
00001000111000101111011100011101
00001000111010101111011100010101
00001000111011001111011100010011
00001000111011101111011100010001
00001000111100101111011100001101
00001000111101001111011100001011
00001000111101101111011100001001
00001001000011001111011011110011
00001001000011101111011011110001
00001001000100001111011011101111
00001001000101001111011011101011
00001001000101101111011011101001
00001001000110001111011011100111
00001001000111001111011011100011
00001001001000101111011011011101
00001001001010101111011011010101
00001001001100001111011011001111
00001001001101001111011011001011
00001001001110001111011011000111
00001001001110101111011011000101
00001001010001001111011010111011
00001001010010001111011010110111
00001001010011001111011010110011
00001001010011101111011010110001
00001001010101001111011010101011
00001001010110101111011010100101
00001001010111001111011010100011
00001001011001001111011010011011
00001001011001101111011010011001
00001001011010101111011010010101
00001001011011001111011010010011
00001001011011101111011010010001
00001001011100001111011010001111
00001001011101101111011010001001
00001001011110001111011010000111
00001001011110101111011010000101
00001001100001001111011001111011
00001001100001101111011001111001
00001001100010001111011001110111
00001001100010101111011001110101
00001001100011001111011001110011
00001001100100001111011001101111
00001001100100101111011001101101
00001001100101001111011001101011
00001001100101101111011001101001
00001001100110001111011001100111
00001001100110101111011001100101
00001001100111001111011001100011
00001001101000101111011001011101
00001001101001001111011001011011
00001001101001101111011001011001
00001001101010101111011001010101
00001001101011001111011001010011
00001001101011101111011001010001
00001001101100001111011001001111
00001001101100101111011001001101
00001001101110001111011001000111
00001001101110101111011001000101
00001001110001001111011000111011
00001001110001101111011000111001
00001001110010001111011000110111
00001001110011001111011000110011
00001001110100101111011000101101
00001001110101001111011000101011
00001001110111001111011000100011
00001001111000101111011000011101
00001001111001001111011000011011
00001001111001101111011000011001
00001001111010101111011000010101
00001010000101001111010111101011
00001010000101101111010111101001
00001010000110001111010111100111
00001010000110101111010111100101
00001010000111001111010111100011
00001010001001101111010111011001
00001010001010001111010111010111
00001010001010101111010111010101
00001010001011001111010111010011
00001010001011101111010111010001
00001010001100001111010111001111
00001010001100101111010111001101
00001010001101001111010111001011
00001010001101101111010111001001
00001010001111001111010111000011
00001010010010101111010110110101
00001010010011101111010110110001
00001010010100001111010110101111
00001010010100101111010110101101
00001010010101001111010110101011
00001010010101101111010110101001
00001010010111001111010110100011
00001010011001001111010110011011
00001010011001101111010110011001
00001010011010001111010110010111
00001010011010101111010110010101
00001010011011001111010110010011
00001010011011101111010110010001
00001010011100001111010110001111
00001010011100101111010110001101
00001010011110001111010110000111
00001010100001101111010101111001
00001010100010001111010101110111
00001010100010101111010101110101
00001010100011101111010101110001
00001010100100101111010101101101
00001010100101001111010101101011
00001010100101101111010101101001
00001010100110001111010101100111
00001010100110101111010101100101
00001010100111001111010101100011
00001010101000101111010101011101
00001010101001101111010101011001
00001010101011001111010101010011
00001010101011101111010101010001
00001010101100001111010101001111
00001010101100101111010101001101
00001010101101001111010101001011
00001010101101101111010101001001
00001010101110001111010101000111
00001010101110101111010101000101
00001010101111001111010101000011
00001010110001001111010100111011
00001010110010001111010100110111
00001010110010101111010100110101
00001010110011101111010100110001
00001010110100001111010100101111
00001010110100101111010100101101
00001010110110101111010100100101
00001010111000101111010100011101
00001010111001001111010100011011
00001010111001101111010100011001
00001010111010001111010100010111
00001010111010101111010100010101
00001010111011001111010100010011
00001010111011101111010100010001
00001010111100101111010100001101
00001010111101001111010100001011
00001011000011001111010011110011
00001011000011101111010011110001
00001011000100001111010011101111
00001011000100101111010011101101
00001011000110101111010011100101
00001011001000101111010011011101
00001011001001001111010011011011
00001011001001101111010011011001
00001011001010001111010011010111
00001011001010101111010011010101
00001011001011001111010011010011
00001011001011101111010011010001
00001011001100001111010011001111
00001011001100101111010011001101
00001011001110101111010011000101
00001011010001001111010010111011
00001011010001101111010010111001
00001011010010001111010010110111
00001011010010101111010010110101
00001011010100001111010010101111
00001011010100101111010010101101
00001011010101001111010010101011
00001011010110101111010010100101
00001011010111001111010010100011
00001011011000101111010010011101
00001011011001001111010010011011
00001011011001101111010010011001
00001011011010001111010010010111
00001011011010101111010010010101
00001011011011001111010010010011
00001011011011101111010010010001
00001011011100001111010010001111
00001011011100101111010010001101
00001011011101001111010010001011
00001011011110001111010010000111
00001011100001101111010001111001
00001011100010101111010001110101
00001011100011001111010001110011
00001011100011101111010001110001
00001011100100101111010001101101
00001011100101001111010001101011
00001011100110001111010001100111
00001011100111001111010001100011
00001011101000101111010001011101
00001011101001101111010001011001
00001011101010001111010001010111
00001011101010101111010001010101
00001011101011001111010001010011
00001011101100001111010001001111
00001011101100101111010001001101
00001011101101001111010001001011
00001011101101101111010001001001
00001011101110001111010001000111
00001100001110101111001111000101
00001100010001101111001110111001
00001100010011001111001110110011
00001100010011101111001110110001
00001100010100001111001110101111
00001100010100101111001110101101
00001100010101001111001110101011
00001100010101101111001110101001
00001100010110001111001110100111
00001100010110101111001110100101
00001100010111001111001110100011
00001100011000101111001110011101
00001100011001001111001110011011
00001100011001101111001110011001
00001100011010101111001110010101
00001100011011101111001110010001
00001100011100001111001110001111
00001100011101001111001110001011
00001100011101101111001110001001
00001100011110001111001110000111
00001100100001101111001101111001
00001100100010001111001101110111
00001100100010101111001101110101
00001100100011101111001101110001
00001100100100001111001101101111
00001100100100101111001101101101
00001100100101101111001101101001
00001100100110001111001101100111
00001100100110101111001101100101
00001100101000101111001101011101
00001100101001001111001101011011
00001100101001101111001101011001
00001100101010001111001101010111
00001100101010101111001101010101
00001100101011001111001101010011
00001100101011101111001101010001
00001100101100101111001101001101
00001100101101001111001101001011
00001100101110001111001101000111
00001100101110101111001101000101
00001100110001001111001100111011
00001100110001101111001100111001
00001100110011101111001100110001
00001100110100001111001100101111
00001100110101001111001100101011
00001100110101101111001100101001
00001100110110001111001100100111
00001100110111001111001100100011
00001100111000101111001100011101
00001100111001001111001100011011
00001100111001101111001100011001
00001100111011101111001100010001
00001100111100001111001100001111
00001100111100101111001100001101
00001101000011101111001011110001
00001101000100001111001011101111
00001101000100101111001011101101
00001101000101001111001011101011
00001101000111001111001011100011
00001101001000101111001011011101
00001101001001001111001011011011
00001101001010001111001011010111
00001101001010101111001011010101
00001101001011001111001011010011
00001101001011101111001011010001
00001101001101001111001011001011
00001101001101101111001011001001
00001101001110001111001011000111
00001101001110101111001011000101
00001101010001001111001010111011
00001101010001101111001010111001
00001101010010001111001010110111
00001101010011001111001010110011
00001101010011101111001010110001
00001101010100001111001010101111
00001101010100101111001010101101
00001101010101001111001010101011
00001101010101101111001010101001
00001101010110101111001010100101
00001101010111001111001010100011
00001101011000101111001010011101
00001101011001001111001010011011
00001101011001101111001010011001
00001101011010001111001010010111
00001101011010101111001010010101
00001101011011101111001010010001
00001101011100001111001010001111
00001101011101001111001010001011
00001101011101101111001010001001
00001101011110001111001010000111
00001101100001101111001001111001
00001101100010001111001001110111
00001101100010101111001001110101
00001101100011001111001001110011
00001101100100001111001001101111
00001101100100101111001001101101
00001101100101001111001001101011
00001101100101101111001001101001
00001101100110001111001001100111
00001101100110101111001001100101
00001101100111001111001001100011
00001101101001001111001001011011
00001101101001101111001001011001
00001101101010001111001001010111
00001101101011001111001001010011
00001101101011101111001001010001
00001101101100001111001001001111
00001101101100101111001001001101
00001101101101001111001001001011
00001101101110001111001001000111
00001101110001001111001000111011
00001101110001101111001000111001
00001101110010101111001000110101
00001101110011001111001000110011
00001101110100001111001000101111
00001101110100101111001000101101
00001101110101001111001000101011
00001101110101101111001000101001
00001101110110001111001000100111
00001110000111001111000111100011
00001110001000101111000111011101
00001110001001001111000111011011
00001110001001101111000111011001
00001110001010001111000111010111
00001110001010101111000111010101
00001110001011001111000111010011
00001110001011101111000111010001
00001110001100001111000111001111
00001110001101001111000111001011
00001110001101101111000111001001
00001110001110001111000111000111
00001110010001001111000110111011
00001110010010001111000110110111
00001110010011001111000110110011
00001110010011101111000110110001
00001110010100001111000110101111
00001110010110001111000110100111
00001110010111001111000110100011
00001110011000101111000110011101
00001110011001001111000110011011
00001110011001101111000110011001
00001110011010001111000110010111
00001110011010101111000110010101
00001110011011001111000110010011
00001110011011101111000110010001
00001110011100001111000110001111
00001110011101101111000110001001
00001110100010001111000101110111
00001110100010101111000101110101
00001110100100001111000101101111
00001110100100101111000101101101
00001110100101001111000101101011
00001110100110001111000101100111
00001110100110101111000101100101
00001110101000101111000101011101
00001110101001001111000101011011
00001110101010001111000101010111
00001110101011001111000101010011
00001110101011101111000101010001
00001110101100001111000101001111
00001110101100101111000101001101
00001110101101001111000101001011
00001110101110001111000101000111
00001110101110101111000101000101
00001110110001101111000100111001
00001110110010001111000100110111
00001110110010101111000100110101
00001110110100001111000100101111
00001110110100101111000100101101
00001110110101001111000100101011
00001110110101101111000100101001
00001110110110001111000100100111
00001110111001001111000100011011
00001110111001101111000100011001
00001110111010001111000100010111
00001110111010101111000100010101
00001110111011001111000100010011
00010001000101001110111011101011
00010001000110001110111011100111
00010001000110101110111011100101
00010001000111001110111011100011
00010001001000101110111011011101
00010001001010001110111011010111
00010001001010101110111011010101
00010001001011001110111011010011
00010001001100101110111011001101
00010001001101001110111011001011
00010001001110001110111011000111
00010001001110101110111011000101
00010001010001001110111010111011
00010001010001101110111010111001
00010001010010001110111010110111
00010001010010101110111010110101
00010001010011001110111010110011
00010001010100101110111010101101
00010001010101001110111010101011
00010001010101101110111010101001
00010001010110001110111010100111
00010001010110101110111010100101
00010001011000101110111010011101
00010001011001101110111010011001
00010001011010001110111010010111
00010001011010101110111010010101
00010001011011001110111010010011
00010001011100101110111010001101
00010001011101001110111010001011
00010001011101101110111010001001
00010001100011001110111001110011
00010001100100101110111001101101
00010001100101001110111001101011
00010001100101101110111001101001
00010001100110101110111001100101
00010001100111001110111001100011
00010001101000101110111001011101
00010001101001101110111001011001
00010001101010001110111001010111
00010001101010101110111001010101
00010001101011001110111001010011
00010001101110101110111001000101
00010001110001101110111000111001
00010001110010001110111000110111
00010001110010101110111000110101
00010001110100101110111000101101
00010001110101001110111000101011
00010001110101101110111000101001
00010001110110001110111000100111
00010001110110101110111000100101
00010010001001001110110111011011
00010010001001101110110111011001
00010010001010001110110111010111
00010010001010101110110111010101
00010010001101001110110111001011
00010010001101101110110111001001
00010010001110001110110111000111
00010010001110101110110111000101
00010010010001001110110110111011
00010010010001101110110110111001
00010010010010001110110110110111
00010010010010101110110110110101
00010010010100101110110110101101
00010010010101001110110110101011
00010010010101101110110110101001
00010010010110001110110110100111
00010010010110101110110110100101
00010010010111001110110110100011
00010010011000101110110110011101
00010010011001001110110110011011
00010010011010101110110110010101
00010010011100101110110110001101
00010010011101001110110110001011
00010010100011001110110101110011
00010010100100101110110101101101
00010010100101101110110101101001
00010010100110001110110101100111
00010010100110101110110101100101
00010010101000101110110101011101
00010010101001001110110101011011
00010010101001101110110101011001
00010010101010001110110101010111
00010010101010101110110101010101
00010010101011001110110101010011
00010010101100101110110101001101
00010010101101101110110101001001
00010010101110101110110101000101
00010010110010001110110100110111
00010010110010101110110100110101
00010010110011001110110100110011
00010010110101001110110100101011
00010010110101101110110100101001
00010010110110101110110100100101
00010010110111001110110100100011
00010010111000101110110100011101
00010010111001001110110100011011
00010010111001101110110100011001
00010010111011001110110100010011
00010011000101101110110011101001
00010011000110001110110011100111
00010011000111001110110011100011
00010011001000101110110011011101
00010011001001001110110011011011
00010011001001101110110011011001
00010011001010001110110011010111
00010011001100101110110011001101
00010011001110001110110011000111
00010011001110101110110011000101
00010011010001001110110010111011
00010011010001101110110010111001
00010011010010001110110010110111
00010011010010101110110010110101
00010011010011001110110010110011
00010011010101001110110010101011
00010011010101101110110010101001
00010011010110001110110010100111
00010011010110101110110010100101
00010011010111001110110010100011
00010011011000101110110010011101
00010011011001001110110010011011
00010011011001101110110010011001
00010011011010001110110010010111
00010011011010101110110010010101
00010011011011001110110010010011
00010011011100101110110010001101
00010011011101001110110010001011
00010011100010101110110001110101
00010011100011001110110001110011
00010011100100101110110001101101
00010011100110001110110001100111
00010011100110101110110001100101
00010011100111001110110001100011
00010011101000101110110001011101
00010011101001001110110001011011
00010011101001101110110001011001
00010011101010001110110001010111
00010011101010101110110001010101
00010011101011001110110001010011
00010100010101001110101110101011
00010100010101101110101110101001
00010100010110001110101110100111
00010100010111001110101110100011
00010100011000101110101110011101
00010100011001001110101110011011
00010100011001101110101110011001
00010100011010001110101110010111
00010100011010101110101110010101
00010100011011001110101110010011
00010100011100101110101110001101
00010100011101001110101110001011
00010100100011001110101101110011
00010100100100101110101101101101
00010100100101001110101101101011
00010100100101101110101101101001
00010100100111001110101101100011
00010100101000101110101101011101
00010100101001001110101101011011
00010100101001101110101101011001
00010100101010001110101101010111
00010100101010101110101101010101
00010100101100101110101101001101
00010100101101001110101101001011
00010100101101101110101101001001
00010100110001101110101100111001
00010100110010001110101100110111
00010100110011001110101100110011
00010100110101001110101100101011
00010100110101101110101100101001
00010100110110001110101100100111
00010100110111001110101100100011
00010100111000101110101100011101
00010100111010001110101100010111
00010100111010101110101100010101
00010101000110001110101011100111
00010101000110101110101011100101
00010101000111001110101011100011
00010101001000101110101011011101
00010101001001001110101011011011
00010101001001101110101011011001
00010101001010001110101011010111
00010101001011001110101011010011
00010101001101101110101011001001
00010101001110001110101011000111
00010101010001101110101010111001
00010101010010001110101010110111
00010101010010101110101010110101
00010101010100101110101010101101
00010101010101101110101010101001
00010101010110001110101010100111
00010101010110101110101010100101
00010101011000101110101010011101
00010101011010001110101010010111
00010101011011001110101010010011
00010101011100101110101010001101
00010101011101001110101010001011
00010101100011001110101001110011
00010101100101001110101001101011
00010101100101101110101001101001
00010101100110001110101001100111
00010101100111001110101001100011
00010101101001001110101001011011
00010101101001101110101001011001
00010101101010001110101001010111
00010101101010101110101001010101
00010101101100101110101001001101
00010101101101001110101001001011
00010101101101101110101001001001
00010101110001101110101000111001
00010101110010001110101000110111
00010101110100101110101000101101
00010110001011001110100111010011
00010110001100101110100111001101
00010110001101001110100111001011
00010110001101101110100111001001
00010110001110001110100111000111
00010110010001101110100110111001
00010110010010101110100110110101
00010110010011001110100110110011
00010110010100101110100110101101
00010110010101001110100110101011
00010110010101101110100110101001
00010110010110001110100110100111
00010110010110101110100110100101
00010110011000101110100110011101
00010110011001001110100110011011
00010110011001101110100110011001
00010110011010001110100110010111
00010110011011001110100110010011
00010110011100101110100110001101
00010110100011001110100101110011
00010110100100101110100101101101
00010110100101001110100101101011
00010110100110001110100101100111
00010110100111001110100101100011
00010110101001001110100101011011
00010110101010001110100101010111
00010110101010101110100101010101
00010110101011001110100101010011
00010110101100101110100101001101
00010110101101101110100101001001
00010110110001101110100100111001
00010110110010001110100100110111
00010110110100101110100100101101
00010110110101001110100100101011
00010110110101101110100100101001
00010110110110001110100100100111
00010110110110101110100100100101
00010110110111001110100100100011
00010110111001001110100100011011
00010110111001101110100100011001
00010110111010001110100100010111
00010111000110001110100011100111
00010111000110101110100011100101
00010111001000101110100011011101
00010111001001001110100011011011
00010111001001101110100011011001
00010111001010001110100011010111
00010111001010101110100011010101
00010111001011001110100011010011
00010111001100101110100011001101
00010111001101001110100011001011
00010111001101101110100011001001
00011000110001101110011100111001
00011000110010001110011100110111
00011000110010101110011100110101
00011000110011001110011100110011
00011000110100101110011100101101
00011000110101001110011100101011
00011000110110101110011100100101
00011000111001101110011100011001
00011001001001001110011011011011
00011001001001101110011011011001
00011001001010101110011011010101
00011001001011001110011011010011
00011001001100101110011011001101
00011001001101001110011011001011
00011001010001101110011010111001
00011001010010001110011010110111
00011001010011001110011010110011
00011001010100101110011010101101
00011001010101001110011010101011
00011001010101101110011010101001
00011001011001001110011010011011
00011001011010001110011010010111
00011001011010101110011010010101
00011001011011001110011010010011
00011001011100101110011010001101
00011001100011001110011001110011
00011001100101001110011001101011
00011001100101101110011001101001
00011001100110001110011001100111
00011001100110101110011001100101
00011001101001001110011001011011
00011001101001101110011001011001
00011001101010001110011001010111
00011001101011001110011001010011
00011001101100101110011001001101
00011001101101001110011001001011
00011001101110001110011001000111
00011001110001101110011000111001
00011001110010001110011000110111
00011001110010101110011000110101
00011010001101001110010111001011
00011010001101101110010111001001
00011010001110001110010111000111
00011010010010001110010110110111
00011010010010101110010110110101
00011010010011001110010110110011
00011010010110001110010110100111
00011010010110101110010110100101
00011010011001001110010110011011
00011010011010001110010110010111
00011010011011001110010110010011
00011010100100101110010101101101
00011010100101001110010101101011
00011010100101101110010101101001
00011010100110101110010101100101
00011010101001001110010101011011
00011010101001101110010101011001
00011010101010001110010101010111
00011010101011001110010101010011
00011010101100101110010101001101
00011010101101101110010101001001
00011010101110001110010101000111
00011010110010001110010100110111
00011010110010101110010100110101
00011010110011001110010100110011
00011010110100101110010100101101
00011010110101001110010100101011
00011010110110101110010100100101
00011011001001101110010011011001
00011011001010001110010011010111
00011011001011001110010011010011
00011011001100101110010011001101
00011011001101001110010011001011
00011011001101101110010011001001
00011011010001101110010010111001
00011011010010101110010010110101
00011011010011001110010010110011
00011011010100101110010010101101
00011011010101001110010010101011
00011011010101101110010010101001
00011011010110101110010010100101
00011011011001101110010010011001
00011011011010001110010010010111
00011011011010101110010010010101
00011011011011001110010010010011
00100100100101001101101101101011
00100100100110101101101101100101
00100100101010101101101101010101
00100100101011001101101101010011
00100100101101001101101101001011
00100100110010101101101100110101
00100100110011001101101100110011
00100100110100101101101100101101
00100100110101001101101100101011
00100101001010101101101011010101
00100101001011001101101011010011
00100101010010101101101010110101
00100101010011001101101010110011
00100101010100101101101010101101
00100101010101001101101010101011
00100101010110101101101010100101
00100101011010101101101010010101
00100101011011001101101010010011
00100101100100101101101001101101
00100101100101001101101001101011
00100101101001001101101001011011
00100101101010101101101001010101
00100101101100101101101001001101
00100110010110101101100110100101
00100110011001001101100110011011
00100110011010101101100110010101
00100110101010101101100101010101
00100110101100101101100101001101
00101001010011001101011010110011
00101001010100101101011010101101
00101001010101001101011010101011
00101001011010101101011010010101
00101001101010101101011001010101
00101010010101001101010110101011
00101010101011001101010101010011
00101010101100101101010101001101
00101010101101001101010101001011
00101010110011001101010100110011
00101010110100101101010100101101
00101011001011001101010011010011
00101011001100101101010011001101
00101011001101001101010011001011
00101011010011001101010010110011
00101100110011001101001100110011
00101100110100101101001100101101
