Summary of sequences of small complexity=17 which yield debruijn sequences:
Total number of sequences in this file: 636
00000010000001001111110111111011
00000010000001101111110111111001
00000010000010001111110111110111
00000010000010101111110111110101
00000010000011001111110111110011
00000010000011101111110111110001
00000010000100001111110111101111
00000010000100101111110111101101
00000010000110001111110111100111
00000010000111001111110111100011
00000010000111101111110111100001
00000010001000101111110111011101
00000010001001001111110111011011
00000010001001101111110111011001
00000010001010001111110111010111
00000010001010101111110111010101
00000010001011001111110111010011
00000010001011101111110111010001
00000010001100001111110111001111
00000010001100101111110111001101
00000010001101001111110111001011
00000010001101101111110111001001
00000010001110001111110111000111
00000010001111101111110111000001
00000010010000001111110110111111
00000010010000101111110110111101
00000010010001101111110110111001
00000010010010001111110110110111
00000010010011001111110110110011
00000010010011101111110110110001
00000010010100001111110110101111
00000010010100101111110110101101
00000010010101101111110110101001
00000010010110001111110110100111
00000010010110101111110110100101
00000010010111001111110110100011
00000010011000001111110110011111
00000010011000101111110110011101
00000010011001001111110110011011
00000010011001101111110110011001
00000010011010001111110110010111
00000010011010101111110110010101
00000010011011101111110110010001
00000010011100001111110110001111
00000010011100101111110110001101
00000010011101001111110110001011
00000010011101101111110110001001
00000010011110101111110110000101
00000010011111001111110110000011
00000010100000101111110101111101
00000010100001101111110101111001
00000010100010001111110101110111
00000010100010101111110101110101
00000010100011001111110101110011
00000010100100001111110101101111
00000010100100101111110101101101
00000010100101001111110101101011
00000010100101101111110101101001
00000010100110001111110101100111
00000010100110101111110101100101
00000010100111001111110101100011
00000010101000001111110101011111
00000010101000101111110101011101
00000010101001001111110101011011
00000010101001101111110101011001
00000010101010001111110101010111
00000010101010101111110101010101
00000010101011001111110101010011
00000010101011101111110101010001
00000010101100001111110101001111
00000010101100101111110101001101
00000010101101001111110101001011
00000010101110001111110101000111
00000010101110101111110101000101
00000010101111001111110101000011
00000010101111101111110101000001
00000010110000001111110100111111
00000010110000101111110100111101
00000010110001001111110100111011
00000010110001101111110100111001
00000010110010001111110100110111
00000010110010101111110100110101
00000010110011001111110100110011
00000010110011101111110100110001
00000010110100001111110100101111
00000010110100101111110100101101
00000010110101001111110100101011
00000010110101101111110100101001
00000010110110001111110100100111
00000010110110101111110100100101
00000010110111001111110100100011
00000010110111101111110100100001
00000010111000001111110100011111
00000010111000101111110100011101
00000010111001001111110100011011
00000010111001101111110100011001
00000010111010001111110100010111
00000010111010101111110100010101
00000010111011001111110100010011
00000010111011101111110100010001
00000010111100001111110100001111
00000010111100101111110100001101
00000010111101101111110100001001
00000010111110001111110100000111
00000010111110101111110100000101
00000010111111001111110100000011
00000011000001001111110011111011
00000011000001101111110011111001
00000011000010001111110011110111
00000011000010101111110011110101
00000011000011001111110011110011
00000011000100001111110011101111
00000011000100101111110011101101
00000011000101001111110011101011
00000011000101101111110011101001
00000011000110001111110011100111
00000011000110101111110011100101
00000011000111001111110011100011
00000011000111101111110011100001
00000011001000001111110011011111
00000011001000101111110011011101
00000011001001001111110011011011
00000011001010001111110011010111
00000011001010101111110011010101
00000011001011001111110011010011
00000011001011101111110011010001
00000011001100101111110011001101
00000011001101001111110011001011
00000011001101101111110011001001
00000011001110001111110011000111
00000011001110101111110011000101
00000011001111001111110011000011
00000011001111101111110011000001
00000011010000001111110010111111
00000011010001101111110010111001
00000011010010001111110010110111
00000011010010101111110010110101
00000011010011001111110010110011
00000011010011101111110010110001
00000011010100001111110010101111
00000011010100101111110010101101
00000011010101001111110010101011
00000011010110001111110010100111
00000011010110101111110010100101
00000011010111001111110010100011
00000011011000001111110010011111
00000011011000101111110010011101
00000011011001001111110010011011
00000011011001101111110010011001
00000011011010001111110010010111
00000011011010101111110010010101
00000011011011001111110010010011
00000011011011101111110010010001
00000011011100101111110010001101
00000011011111001111110010000011
00000011100000101111110001111101
00000011100010001111110001110111
00000011100010101111110001110101
00000011100011001111110001110011
00000011100011101111110001110001
00000011100100001111110001101111
00000011100100101111110001101101
00000011100101001111110001101011
00000011100101101111110001101001
00000011100110001111110001100111
00000011100110101111110001100101
00000011100111001111110001100011
00000011100111101111110001100001
00000011101000001111110001011111
00000011101000101111110001011101
00000011101001001111110001011011
00000011101001101111110001011001
00000011101010001111110001010111
00000011101010101111110001010101
00000011101011001111110001010011
00000011101011101111110001010001
00000011101100001111110001001111
00000011101100101111110001001101
00000011101101001111110001001011
00000011101101101111110001001001
00000011101110001111110001000111
00000011101110101111110001000101
00000011101111001111110001000011
00000011101111101111110001000001
00000011110000001111110000111111
00000011110000101111110000111101
00000011110001101111110000111001
00000011110010001111110000110111
00000011110010101111110000110101
00000011110011101111110000110001
00000011110100001111110000101111
00000011110100101111110000101101
00000011110101001111110000101011
00000011110101101111110000101001
00000011110110001111110000100111
00000011110110101111110000100101
00000011110111001111110000100011
00000011110111101111110000100001
00000011111000001111110000011111
00000011111000101111110000011101
00000011111001001111110000011011
00000011111001101111110000011001
00000011111010001111110000010111
00000011111010101111110000010101
00000011111011001111110000010011
00000100000100001111101111101111
00000100000111101111101111100001
00000100001000101111101111011101
00000100001001101111101111011001
00000100001100101111101111001101
00000100010100101111101110101101
00000100010101101111101110101001
00000100010110101111101110100101
00000100011001001111101110011011
00000100011010101111101110010101
00000100011110101111101110000101
00000100011111001111101110000011
00000100100011001111101101110011
00000100100110101111101101100101
00000100100111001111101101100011
00000100101001101111101101011001
00000100101010001111101101010111
00000100101010101111101101010101
00000100101011001111101101010011
00000100101011101111101101010001
00000100101100101111101101001101
00000100101110001111101101000111
00000100101111001111101101000011
00000100110011001111101100110011
00000100110100001111101100101111
00000100110100101111101100101101
00000100110101101111101100101001
00000100110111101111101100100001
00000100111000101111101100011101
00000100111010001111101100010111
00000101000010101111101011110101
00000101000011101111101011110001
00000101000100001111101011101111
00000101000110101111101011100101
00000101001010001111101011010111
00000101001011001111101011010011
00000101001011101111101011010001
00000101001100001111101011001111
00000101001101001111101011001011
00000101001101101111101011001001
00000101001110101111101011000101
00000101001111001111101011000011
00000101010010001111101010110111
00000101010011101111101010110001
00000101010101001111101010101011
00000101010101101111101010101001
00000101011000001111101010011111
00000101011000101111101010011101
00000101011110101111101010000101
00000101100000101111101001111101
00000101100001001111101001111011
00000101100101101111101001101001
00000101100111101111101001100001
00000101101001101111101001011001
00000101101011001111101001010011
00000101101011101111101001010001
00000101101101001111101001001011
00000101110001101111101000111001
00000101110010101111101000110101
00000101110101001111101000101011
00000101110111001111101000100011
00000101110111101111101000100001
00000101111100101111101000001101
00000110000011101111100111110001
00000110000100001111100111101111
00000110000101101111100111101001
00000110000110101111100111100101
00000110001000101111100111011101
00000110001001001111100111011011
00000110001101101111100111001001
00000110001110001111100111000111
00000110010100101111100110101101
00000110010101101111100110101001
00000110010110101111100110100101
00000110011001101111100110011001
00000110011101101111100110001001
00000110100100101111100101101101
00000110100110101111100101100101
00000110101000001111100101011111
00000110101000101111100101011101
00000110101001001111100101011011
00000110101010001111100101010111
00000110101010101111100101010101
00000110101110001111100101000111
00000110110001001111100100111011
00000110110011101111100100110001
00000110110101001111100100101011
00000110110111001111100100100011
00000110111001001111100100011011
00000110111010001111100100010111
00000110111100101111100100001101
00000111000010001111100011110111
00000111000101001111100011101011
00000111000101101111100011101001
00000111000111001111100011100011
00000111001100001111100011001111
00000111010001001111100010111011
00000111010001101111100010111001
00000111010101001111100010101011
00000111010101101111100010101001
00000111010110101111100010100101
00000111011010101111100010010101
00000111011100001111100010001111
00000111011110001111100010000111
00000111100010001111100001110111
00000111100110001111100001100111
00000111100110101111100001100101
00000111101001101111100001011001
00000111101110101111100001000101
00000111101111001111100001000011
00001000010010101111011110110101
00001000010101101111011110101001
00001000010110001111011110100111
00001000011100101111011110001101
00001000100010001111011101110111
00001000101000101111011101011101
00001000101101101111011101001001
00001000101111001111011101000011
00001000110000101111011100111101
00001000110001001111011100111011
00001000110001101111011100111001
00001000110010001111011100110111
00001000110100101111011100101101
00001000111001001111011100011011
00001000111001101111011100011001
00001000111010001111011100010111
00001000111100001111011100001111
00001001000010101111011011110101
00001001000100101111011011101101
00001001000110101111011011100101
00001001001001001111011011011011
00001001001001101111011011011001
00001001001010001111011011010111
00001001001011001111011011010011
00001001001011101111011011010001
00001001001100101111011011001101
00001001001101101111011011001001
00001001001111001111011011000011
00001001010000101111011010111101
00001001010001101111011010111001
00001001010010101111011010110101
00001001010100001111011010101111
00001001010100101111011010101101
00001001010101101111011010101001
00001001010110001111011010100111
00001001011000101111011010011101
00001001011010001111011010010111
00001001011100101111011010001101
00001001011101001111011010001011
00001001100011101111011001110001
00001001101010001111011001010111
00001001101101001111011001001011
00001001101101101111011001001001
00001001101111001111011001000011
00001001110000101111011000111101
00001001110010101111011000110101
00001001110011101111011000110001
00001001110100001111011000101111
00001001110101101111011000101001
00001001110110001111011000100111
00001001110110101111011000100101
00001001111010001111011000010111
00001010001000101111010111011101
00001010001001001111010111011011
00001010001110001111010111000111
00001010001110101111010111000101
00001010010000101111010110111101
00001010010001001111010110111011
00001010010001101111010110111001
00001010010010001111010110110111
00001010010011001111010110110011
00001010010110001111010110100111
00001010010110101111010110100101
00001010011000101111010110011101
00001010011101001111010110001011
00001010011101101111010110001001
00001010100011001111010101110011
00001010100100001111010101101111
00001010101001001111010101011011
00001010101010001111010101010111
00001010101010101111010101010101
00001010110000101111010100111101
00001010110001101111010100111001
00001010110011001111010100110011
00001010110101001111010100101011
00001010110101101111010100101001
00001010110110001111010100100111
00001010110111001111010100100011
00001010111100001111010100001111
00001011000101001111010011101011
00001011000101101111010011101001
00001011000110001111010011100111
00001011000111001111010011100011
00001011001101001111010011001011
00001011001101101111010011001001
00001011001110001111010011000111
00001011001111001111010011000011
00001011010000101111010010111101
00001011010011001111010010110011
00001011010011101111010010110001
00001011010101101111010010101001
00001011010110001111010010100111
00001011011101101111010010001001
00001011100010001111010001110111
00001011100100001111010001101111
00001011100101101111010001101001
00001011100110101111010001100101
00001011101001001111010001011011
00001011101011101111010001010001
00001011101110101111010001000101
00001011101111001111010001000011
00001011110000101111010000111101
00001011110001001111010000111011
00001011110001101111010000111001
00001011110010001111010000110111
00001011110010101111010000110101
00001011110011001111010000110011
00001011110011101111010000110001
00001100001100001111001111001111
00001100001100101111001111001101
00001100001101001111001111001011
00001100001101101111001111001001
00001100001110001111001111000111
00001100010001001111001110111011
00001100010010001111001110110111
00001100010010101111001110110101
00001100011010001111001110010111
00001100011011001111001110010011
00001100011100101111001110001101
00001100100011001111001101110011
00001100100101001111001101101011
00001100100111001111001101100011
00001100101100001111001101001111
00001100101101101111001101001001
00001100110010001111001100110111
00001100110010101111001100110101
00001100110011001111001100110011
00001100110100101111001100101101
00001100110110101111001100100101
00001100111010001111001100010111
00001100111010101111001100010101
00001100111011001111001100010011
00001101000101101111001011101001
00001101000110001111001011100111
00001101000110101111001011100101
00001101001001101111001011011001
00001101001100001111001011001111
00001101001100101111001011001101
00001101010010101111001010110101
00001101010110001111001010100111
00001101011011001111001010010011
00001101011100101111001010001101
00001101100011101111001001110001
00001101101000101111001001011101
00001101101010101111001001010101
00001101101101101111001001001001
00001101101110101111001001000101
00001101110010001111001000110111
00001101110011101111001000110001
00001101110110101111001000100101
00001101110111001111001000100011
00001101111000101111001000011101
00001110001100101111000111001101
00001110001110101111000111000101
00001110010001101111000110111001
00001110010010101111000110110101
00001110010100101111000110101101
00001110010101001111000110101011
00001110010101101111000110101001
00001110010110101111000110100101
00001110011100101111000110001101
00001110011101001111000110001011
00001110100011001111000101110011
00001110100011101111000101110001
00001110100101101111000101101001
00001110100111001111000101100011
00001110101001101111000101011001
00001110101010101111000101010101
00001110101101101111000101001001
00001110110001001111000100111011
00001110110011001111000100110011
00001110110011101111000100110001
00001110110110101111000100100101
00001110110111001111000100100011
00001110111000101111000100011101
00001110111011101111000100010001
00001110111100001111000100001111
00010001000100101110111011101101
00010001000101101110111011101001
00010001001001001110111011011011
00010001001001101110111011011001
00010001001101101110111011001001
00010001010111001110111010100011
00010001011001001110111010011011
00010001100010001110111001110111
00010001100010101110111001110101
00010001100110001110111001100111
00010001101001001110111001011011
00010001101100101110111001001101
00010001101101001110111001001011
00010001101101101110111001001001
00010001101110001110111001000111
00010001110001001110111000111011
00010001110011001110111000110011
00010010001011001110110111010011
00010010001100101110110111001101
00010010010011001110110110110011
00010010011001101110110110011001
00010010011010001110110110010111
00010010011011001110110110010011
00010010100010101110110101110101
00010010100101001110110101101011
00010010100111001110110101100011
00010010101101001110110101001011
00010010101110001110110101000111
00010010110001001110110100111011
00010010110001101110110100111001
00010010110100101110110100101101
00010010110110001110110100100111
00010010111010001110110100010111
00010010111010101110110100010101
00010011000101001110110011101011
00010011000110101110110011100101
00010011001010101110110011010101
00010011001011001110110011010011
00010011001101001110110011001011
00010011001101101110110011001001
00010011010100101110110010101101
00010011100101001110110001101011
00010011100101101110110001101001
00010100010100101110101110101101
00010100010110101110101110100101
00010100100010101110101101110101
00010100100110001110101101100111
00010100100110101110101101100101
00010100101011001110101101010011
00010100101110001110101101000111
00010100110010101110101100110101
00010100110100101110101100101101
00010100110110101110101100100101
00010100111001001110101100011011
00010100111001101110101100011001
00010101000101101110101011101001
00010101001010101110101011010101
00010101001100101110101011001101
00010101001101001110101011001011
00010101010011001110101010110011
00010101010101001110101010101011
00010101010111001110101010100011
00010101011001001110101010011011
00010101011001101110101010011001
00010101011010101110101010010101
00010101100010101110101001110101
00010101100100101110101001101101
00010101100110101110101001100101
00010101101000101110101001011101
00010101101011001110101001010011
00010101101110001110101001000111
00010101110010101110101000110101
00010101110011001110101000110011
00010110010010001110100110110111
00010110010111001110100110100011
00010110011010101110100110010101
00010110100101101110100101101001
00010110100110101110100101100101
00010110101000101110100101011101
00010110101001101110100101011001
00010110101101001110100101001011
00010110101110001110100101000111
00010110110010101110100100110101
00010110110011001110100100110011
00010110111000101110100100011101
00010111000111001110100011100011
00010111001110001110100011000111
00011000110101101110011100101001
00011000110110001110011100100111
00011000111001001110011100011011
00011001000110101110011011100101
00011001001010001110011011010111
00011001001101101110011011001001
00011001001110001110011011000111
00011001010010101110011010110101
00011001010110001110011010100111
00011001010110101110011010100101
00011001011001101110011010011001
00011001100100101110011001101101
00011001101010101110011001010101
00011001101101101110011001001001
00011010010001101110010110111001
00011010010100101110010110101101
00011010010101001110010110101011
00011010010101101110010110101001
00011010011001101110010110011001
00011010011010101110010110010101
00011010100110001110010101100111
00011010101010101110010101010101
00011010101101001110010101001011
00011010110001101110010100111001
00011010110101101110010100101001
00011010110110001110010100100111
00011010111001001110010100011011
00011011001001001110010011011011
00011011001010101110010011010101
00011011001110001110010011000111
00011011010010001110010010110111
00011011010110001110010010100111
00011011011001001110010010011011
00100100100100101101101101101101
00100100101001001101101101011011
00100100101100101101101101001101
00100100110110101101101100100101
00100101001100101101101011001101
00100101001101001101101011001011
00100101011001001101101010011011
00100101100110101101101001100101
00100101101011001101101001010011
00100110010011001101100110110011
00100110010100101101100110101101
00100110010101001101100110101011
00100110100101001101100101101011
00100110100110101101100101100101
00100110101001001101100101011011
00100110101011001101100101010011
00100110101101001101100101001011
00101001010010101101011010110101
00101001100101001101011001101011
00101010101010101101010101010101
00101010110010101101010100110101
00101010110101001101010100101011
00101011010010101101010010110101
00101100101100101101001101001101
