Summary of sequences of small complexity=7 which DO NOT yield debruijn sequences:
Total number of sequences in this file: 56
00001001
00010010
00010111
00011101
00100001
00100100
00101011
00101110
00110101
00111010
01000010
01000111
01001000
01001101
01010011
01010110
01011001
01011100
01100101
01101010
01101111
01110001
01110100
01111011
10000001
10000100
10001011
10001110
10010000
10010101
10011010
10011111
10100011
10100110
10101001
10101100
10110010
10110111
10111000
10111101
11000000
11000101
11001010
11001111
11010001
11010100
11011011
11011110
11100010
11100111
11101000
11101101
11110011
11110110
11111001
11111100
