Summary of sequences of small complexity=11 which DO NOT yield debruijn sequences:
Total number of sequences in this file: 2058
0020221
0010114
0031064
0015026
0023045
0025133
0014360
0021650
0011543
0033152
0022316
0030335
0034511
0024404
0016455
0012202
0001436
0004253
0006341
0002165
0005612
0003524
0040442
0035240
0050556
0036606
0060663
0043266
0046013
0054032
0042530
0041101
0044625
0056120
0052644
0055461
0053303
0061322
0101140
0062051
0063410
0066234
0065505
0100411
0102506
0103235
0105323
0106052
0120632
0111254
0112613
0115430
0121361
0113342
0124115
0122020
0126203
0116166
0125544
0114001
0131405
0132134
0133563
0135651
0134222
0130046
0140153
0141512
0143600
0144336
0150260
0145065
0146424
0160304
0151626
0153014
0152355
0154443
0156531
0162462
0163121
0164550
0165216
0203646
0202210
0166645
0204305
0205034
0206463
0200122
0210236
0212324
0211665
0215141
0213053
0230450
0216500
0223160
0224526
0222431
0225255
0226614
0221002
0231116
0232545
0235362
0234633
0240564
0236021
0241223
0242652
0243311
0244040
0250601
0245406
0253425
0251330
0254154
0256242
0261444
0255513
0262103
0263532
0264261
0266356
0260015
0301262
0302621
0304016
0303350
0306104
0310640
0300533
0312035
0313464
0314123
0315552
0316211
0321413
0323501
0322142
0326325
0325666
0331520
0332256
0333615
0320054
0334344
0336432
0340205
0341634
0335003
0342363
0344451
0345110
0350312
0346546
0351041
0352400
0353136
0354565
0360426
0363243
0355224
0361155
0364602
0365331
0366060
0401603
0403061
0404420
0405156
0406515
0400244
0410351
0412446
0411010
0413105
0414534
0420465
0416622
0424641
0423212
0422553
0430502
0425300
0426036
0431231
0432660
0433326
0435414
0436143
0441345
0443433
0444162
0442004
0445521
0446250
0451452
0454206
0452111
0455635
0460130
0456364
0461566
0463654
0462225
0464313
0450023
0465042
0501314
0502043
0500655
0503402
0504131
0505560
0511421
0513516
0514245
0510062
0515604
0520106
0516333
0521535
0523623
0522264
0524352
0530213
0526440
0532301
0533030
0534466
0535125
0536554
0540320
0541056
0542415
0543144
0545232
0546661
0551163
0552522
0553251
0554610
0555346
0560541
0561200
0562636
0556005
0564024
0565453
0601025
0566112
0602454
0604542
0605201
0600366
0606630
0610403
0611132
0612561
0613220
0620510
0614656
0621246
0615315
0623334
0624063
0630624
0625422
0631353
0626151
0632012
0636265
0633441
0634100
0642126
0643555
0644214
0645643
0640031
0646302
0650145
0651504
0652233
0653662
0656416
0655050
0661611
0662340
0664435
0665164
0666523
0663006
1002022
1003451
1004110
1011400
1012136
1013565
1015653
1010041
1005546
1006205
1016312
1021514
1024331
1022243
1023602
1025060
1000634
1026426
1030262
1031621
1032350
1034445
1040306
1035104
1041035
1042464
1036533
1043123
1044552
1050413
1045211
1051142
1053230
1054666
1060520
1056054
1055325
1061256
1062615
1063344
1064003
1066161
1101004
1102433
1103162
1100345
1104521
1106616
1110452
1112540
1113206
1114635
1115364
1120566
1116023
1121225
1122654
1123313
1125401
1126130
1131332
1132061
1134156
1133420
1135515
1136244
1142105
1141446
1144263
1145622
1150124
1146351
1140010
1151553
1152212
1153641
1154300
1155036
1160231
1163055
1164414
1161660
1165143
1166502
1201415
1203503
1204232
1206320
1205661
1210163
1211522
1212251
1213610
1214346
1216434
1220200
1200056
1222365
1223024
1224453
1225112
1230314
1231043
1226541
1232402
1235226
1233131
1236655
1241150
1242516
1243245
1244604
1245333
1250535
1246062
1251264
1254011
1252623
1260642
1255440
1256106
1261301
1262030
1263466
1264125
1265554
1301126
1302555
1303214
1304643
1300460
1305302
1310504
1311233
1313321
1314050
1315416
1320611
1316145
1321340
1324164
1323435
1322006
1326252
1332113
1333542
1334201
1335630
1336366
1340132
1330025
1341561
1342220
1343656
1345044
1346403
1351605
1353063
1352334
1354422
1355151
1356510
1360353
1362441
1361012
1364536
1365265
1401530
1366624
1402266
1404354
1405013
1406442
1400101
1410215
1411644
1412303
1413032
1414461
1420322
1415120
1421051
1423146
1424505
1430436
1425234
1426663
1431165
1432524
1433253
1440543
1434612
1436000
1442631
1443360
1445455
1444026
1450650
1446114
1451316
1452045
1453404
1455562
1456221
1461423
1462152
1464240
1463511
1465606
1466335
1501241
1502600
1503336
1504065
1505424
1506153
1510626
1512014
1511355
1514102
1515531
1516260
1521462
1522121
1523550
1524216
1525645
1530140
1520033
1531506
1533664
1535052
1534323
1540254
1536411
1541613
1542342
1543001
1544430
1546525
1550361
1552456
1553115
1554544
1555203
1556632
1560405
1561134
1563222
1562563
1565310
1566046
1601652
1602311
1603040
1605135
1606564
1611066
1600223
1612425
1613154
1614513
1615242
1620444
1616601
1621103
1622532
1624620
1625356
1626015
1630551
1631210
1632646
1634034
1640665
1635463
1633305
1641324
1643412
1644141
1645500
1646236
1651431
1652160
1653526
1654255
1656343
1660116
1662204
1663633
1650002
1665021
1664362
1666450
2010605
2011334
2012063
2001220
2013422
2003315
2004044
2005403
2006132
2014151
2016246
2022100
2023536
2024265
2025624
2030126
2020012
2026353
2000561
2031555
2032214
2033643
2035031
2036460
2041662
2042321
2043050
2045145
2044416
2050340
2046504
2052435
2051006
2054523
2055252
2060454
2056611
2061113
2062542
2064630
2063201
2065366
2101631
2102360
2103026
2104455
2100202
2105114
2110316
2111045
2113133
2114562
2115221
2120423
2116650
2121152
2122511
2123240
2124606
2130530
2126064
2132625
2133354
2134013
2135442
2136101
2140644
2141303
2142032
2143461
2145556
2146215
2151410
2153505
2152146
2154234
2155663
2156322
2160165
2162253
2161524
2164341
2201342
2166436
2165000
2202001
2204166
2205525
2206254
2200613
2211456
2212115
2213544
2214203
2215632
2220134
2210020
2221563
2223651
2224310
2225046
2230241
2226405
2231600
2232336
2233065
2234424
2236512
2240355
2242443
2243102
2244531
2245260
2246626
2250462
2251121
2253216
2252550
2255304
2256033
2261235
2262664
2263323
2264052
2265411
2301053
2302412
2266140
2303141
2304500
2305236
2306665
2310431
2311160
2312526
2314614
2315343
2320545
2321204
2316002
2322633
2323362
2324021
2330652
2325450
2331311
2333406
2334135
2335564
2336223
2341425
2342154
2343513
2340066
2344242
2346330
2350103
2353620
2352261
2354356
2355015
2356444
2360210
2362305
2361646
2363034
2365122
2366551
2401464
2402123
2403552
2405640
2406306
2412230
2411501
2413666
2414325
2415054
2420256
2416413
2421615
2422344
2424432
2425161
2400035
2426520
2430363
2431022
2432451
2440400
2433110
2434546
2435205
2441136
2443224
2444653
2445312
2446041
2450514
2451243
2452602
2453331
2454060
2460621
2456155
2462016
2463445
2464104
2465533
2466262
2503263
2502534
2505351
2504622
2506010
2510553
2500446
2512641
2511212
2513300
2515465
2516124
2521326
2522055
2523414
2524143
2525502
2526231
2531433
2532162
2534250
2535616
2536345
2540111
2541540
2542206
2543635
2530004
2544364
2550225
2545023
2553042
2551654
2554401
2555130
2556566
2560332
2561061
2562420
2563156
2564515
2566603
2601516
2602245
2603604
2604333
2606421
2610264
2612352
2600150
2613011
2614440
2620301
2615106
2616535
2621030
2623125
2622466
2625213
2626642
2631144
2632503
2633232
2634661
2635320
2636056
2640522
2641251
2642610
2645434
2644005
2646163
2650636
2651365
2652024
2653453
2654112
2655541
2661402
2663560
2664226
2665655
2666314
2660043
3010532
3011261
3012620
3001154
3014015
3013356
3004601
3002513
3005330
3006066
3020646
3015444
3021305
3023463
3024122
3025551
3026210
3000425
3031412
3032141
3033500
3034236
3030053
3040160
3036324
3042255
3043614
3044343
3050204
3046431
3051633
3045002
3052362
3053021
3055116
3056545
3061040
3063135
3062406
3064564
3065223
3066652
3101565
3103653
3102224
3105041
3104312
3106400
3110243
3112331
3111602
3120350
3114426
3121016
3115155
3116514
3123104
3122445
3124533
3130464
3125262
3131123
3133211
3134640
3135306
3136035
3140501
3141230
3142666
3143325
3144054
3150615
3146142
3153432
3154161
3156256
3155520
3152003
3161451
3162110
3163546
3165634
3160022
3166363
3201206
3202635
3203364
3205452
3206111
3211313
3200540
3212042
3213401
3214130
3215566
3216225
3221420
3224244
3222156
3225603
3226332
3220061
3230105
3231534
3232263
3233622
3234351
3235010
3240212
3241641
3243036
3245124
3244465
3246553
3250326
3251055
3252414
3253143
3260433
3254502
3256660
3262521
3263250
3264616
3265345
3302346
3266004
3304434
3305163
3303005
3306522
3310365
3300251
3311024
3312453
3313112
3315200
3316636
3321131
3322560
3323226
3324655
3325314
3326043
3330516
3331245
3332604
3334062
3335421
3340623
3336150
3341352
3342011
3343440
3344106
3345535
3351466
3353554
3354213
3355642
3350030
3356301
3360144
3361503
3362232
3363661
3364320
3366415
3401321
3402050
3403416
3404145
3406233
3400662
3412164
3414252
3413523
3415611
3416340
3420113
3410006
3421542
3423630
3425025
3422201
3426454
3431656
3432315
3433044
3434403
3435132
3440334
3436561
3441063
3442422
3444510
3450441
3445246
3446605
3451100
3452536
3454624
3453265
3460555
3455353
3461214
3463302
3464031
3465460
3466126
3501032
3503120
3504556
3505215
3506644
3510410
3500303
3511146
3513234
3512505
3514663
3516051
3520524
3522612
3523341
3525436
3530631
3526165
3524000
3531360
3532026
3533455
3535543
3536202
3541404
3542133
3543562
3544221
3545650
3546316
3550152
3551511
3552240
3554335
3560266
3555064
3556423
3562354
3563013
3561625
3564442
3565101
3601443
3602102
3603531
3604260
3605626
3610121
3611550
3613645
3614304
3615033
3620235
3616462
3621664
3600014
3623052
3622323
3624411
3630342
3626506
3632430
3634525
3633166
3635254
3640456
3636613
3641115
3642544
3643203
3645361
3646020
3651222
3652651
3653310
3654046
3655405
3656134
3660600
3661336
3662065
3665512
3664153
3666241
4011125
4012554
4001011
4013213
4002440
4014642
4015301
4003106
4005264
4016030
4020503
4006623
4021232
4022661
4024056
4025415
4030610
4026144
4000352
4031346
4033434
4032005
4034163
4035522
4041453
4043541
4044200
4050131
4045636
4040024
4046365
4051560
4053655
4052226
4054314
4060245
4056402
4062333
4063062
4064421
4065150
4066516
4102151
4103510
4104246
4105605
4106334
4110100
4111536
4115012
4112265
4121643
4116441
4113624
4122302
4123031
4124460
4130321
4100063
4125126
4126555
4131050
4132416
4134504
4135233
4136662
4140435
4141164
4142523
4143252
4150542
4144611
4145340
4151201
4154025
4153366
4155454
4156113
4160656
4162044
4161315
4163403
4164132
4166220
4201133
4202562
4200404
4203221
4204650
4206045
4210511
4212606
4213335
4214064
4215423
4220625
4216152
4221354
4222013
4223442
4225530
4231461
4232120
4226266
4233556
4234215
4235644
4236303
4240146
4241505
4242234
4244322
4245051
4246410
4250253
4251612
4252341
4260360
4254436
4261026
4255165
4253000
4263114
4264543
4265202
4301544
4266631
4303632
4304361
4305020
4300115
4306456
4310222
4311651
4312310
4313046
4314405
4320336
4316563
4323153
4322424
4324512
4326600
4330443
4325241
4331102
4332531
4333260
4335355
4336014
4341216
4342645
4344033
4343304
4345462
4346121
4350664
4351323
4352052
4354140
4356235
4355506
4361430
4363525
4362166
4364254
4365613
4401255
4402614
4403343
4360001
4404002
4405431
4400526
4410633
4411362
4413450
4414116
4415545
4416204
4421406
4422135
4423564
4424223
4430154
4426311
4432242
4420040
4433601
4435066
4436425
4434330
4440261
4441620
4442356
4443015
4445103
4451034
4446532
4452463
4453122
4454551
4455210
4460412
4456646
4462500
4461141
4464665
4465324
4466053
4501666
4504413
4502325
4505142
4506501
4510344
4500230
4512432
4513161
4514520
4511003
4520451
4515256
4521110
4524634
4530565
4523205
4525363
4531224
4526022
4532653
4533312
4534041
4540602
4536136
4542060
4543426
4544155
4545514
4546243
4551445
4552104
4553533
4555621
4550016
4556350
4563640
4562211
4561552
4565035
4564306
4601300
4566464
4602036
4604124
4603465
4605553
4606212
4611414
4612143
4614231
4615660
4616326
4610055
4620162
4621521
4622250
4623616
4630206
4624345
4633023
4631635
4635111
4634452
4625004
4640313
4636540
4641042
4642401
4643130
4650420
4644566
4646654
4652515
4653244
4654603
4655332
4656061
4660534
4661263
4662622
4663351
4665446
4666105
5010323
5012411
5001645
5002304
5003033
5004462
5006550
5013140
5014506
5015235
5020430
5016664
5021166
5022525
5023254
5025342
5000216
5026001
5032632
5031203
5034020
5033361
5035456
5036115
5040651
5041310
5042046
5044134
5045563
5046222
5051424
5052153
5053512
5054241
5060102
5055600
5050065
5061531
5063626
5064355
5065014
5066443
5101356
5103444
5104103
5105532
5106261
5100620
5111463
5112122
5113551
5114210
5120141
5116305
5110034
5123665
5122236
5124324
5125053
5126412
5130255
5132343
5131614
5135160
5133002
5136526
5141021
5142450
5144545
5143116
5145204
5150406
5146633
5151135
5152564
5154652
5156040
5160513
5155311
5161242
5162601
5163330
5164066
5201060
5165425
5202426
5203155
5204514
5205243
5200331
5210445
5211104
5213262
5214621
5215350
5216016
5220552
5221211
5224035
5222640
5223306
5230666
5226123
5232054
5233413
5234142
5235501
5236230
5241432
5242161
5243520
5245615
5240003
5246344
5251546
5253634
5252205
5254363
5255022
5260224
5256451
5262312
5261653
5264400
5265136
5266565
5301401
5302130
5304225
5305654
5306313
5310156
5311515
5312244
5313603
5320263
5314332
5315061
5321622
5323010
5300042
5324446
5326534
5325105
5330300
5331036
5332465
5333124
5334553
5340414
5336641
5342502
5343231
5344660
5350521
5345326
5346055
5351250
5352616
5353345
5356162
5355433
5361364
5362023
5363452
5364111
5365540
5366206
5401112
5402541
5403200
5405365
5404636
5406024
5410560
5411226
5414043
5412655
5415402
5420604
5421333
5416131
5424150
5422062
5423421
5425516
5431440
5433535
5435623
5434264
5436352
5440125
5430011
5441554
5442213
5443642
5444301
5446466
5450232
5453056
5452320
5454415
5456503
5455144
5460346
5462434
5463163
5461005
5465251
5466610
5501523
5502252
5503611
5506435
5505006
5511630
5512366
5500164
5513025
5514454
5515113
5520315
5516542
5521044
5524561
5522403
5525220
5530422
5526656
5531151
5532510
5533246
5534605
5540536
5535334
5541265
5544012
5543353
5545441
5546100
5550643
5551302
5552031
5553460
5554126
5556214
5562145
5563504
5564233
5565662
5566321
5602663
5603322
5604051
5605410
5560050
5606146
5610612
5611341
5600505
5613436
5612000
5615524
5616253
5621455
5622114
5623543
5624202
5630133
5626360
5625631
5631562
5632221
5635045
5634316
5636404
5640240
5641606
5642335
5643064
5645152
5644423
5650354
5651013
5653101
5654530
5655266
5660461
5656625
5661120
5662556
5663215
5664644
5666032
6010250
6011616
6014433
6013004
6001502
6002231
6003660
6015162
6004326
6005055
6016521
6020364
6021023
6022452
6023111
6024540
6030401
6026635
6000143
6032566
6033225
6034654
6035313
6036042
6040515
6041244
6045420
6042603
6043332
6046156
6051351
6052010
6053446
6054105
6056263
6055534
6061465
6062124
6064212
6065641
6066300
6101213
6060036
6102642
6104030
6105466
6100554
6106125
6110661
6112056
6111320
6114144
6113415
6115503
6121434
6124251
6123522
6125610
6130112
6126346
6120005
6131541
6132200
6133636
6134365
6136453
6140226
6142314
6143043
6145131
6150333
6144402
6146560
6151062
6152421
6153150
6155245
6156604
6161106
6162535
6163264
6164623
6165352
6201624
6166011
6202353
6203012
6204441
6205100
6206536
6210302
6211031
6212460
6214555
6220416
6215214
6216643
6221145
6222504
6223233
6224662
6225321
6230523
6231252
6235435
6240630
6233340
6236164
6234006
6241366
6242025
6243454
6244113
6246201
6252132
6253561
6254220
6255656
6256315
6260151
6250044
6261510
6262246
6265063
6263605
6302064
6301335
6266422
6303423
6305511
6306240
6311442
6300606
6312101
6313530
6314266
6320120
6315625
6321556
6316354
6324303
6322215
6325032
6326461
6330234
6331663
6332322
6340341
6333051
6335146
6334410
6341000
6343165
6344524
6350455
6345253
6346612
6351114
6353202
6352543
6356026
6354631
6360562
6362650
6363316
6364045
6365404
6366133
6402405
6404563
6403134
6405222
6406651
6410424
6400310
6411153
6412512
6413241
6415336
6416065
6421260
6424014
6422626
6423355
6425443
6426102
6430645
6431304
6432033
6436216
6435550
6434121
6441411
6442140
6443506
6440052
6450166
6444235
6451525
6445664
6453613
6454342
6460203
6456430
6455001
6461632
6462361
6463020
6464456
6466544
6501450
6503545
6502116
6504204
6506362
6510135
6512223
6513652
6515040
6514311
6520242
6516406
6521601
6523066
6522330
6531015
6525154
6500021
6526513
6532444
6533103
6534532
6540463
6535261
6536620
6541122
6542551
6544646
6545305
6550500
6546034
6551236
6553324
6552665
6554053
6560614
6555412
6564160
6561343
6563431
6565526
6566255
6601161
6604615
6603256
6605344
6606003
6610546
6600432
6611205
6612634
6614022
6613363
6620653
6622041
6616110
6623400
6624136
6625565
6631426
6626224
6632155
6633514
6635602
6630060
6636331
6641533
6642262
6643621
6644350
6645016
6646445
6650211
6651640
6652306
6654464
6655123
6656552
6660325
6661054
6664501
6663142
6665230
6662413
