Total: 2058
0001436
0002165
0003524
0004253
0005612
0006341
0010114
0011543
0012202
0014360
0015026
0016455
0020221
0021650
0022316
0023045
0024404
0025133
0030335
0031064
0033152
0034511
0035240
0036606
0040442
0041101
0042530
0043266
0044625
0046013
0050556
0052644
0053303
0054032
0055461
0056120
0060663
0061322
0062051
0063410
0065505
0066234
0100411
0101140
0102506
0103235
0105323
0106052
0111254
0112613
0113342
0114001
0115430
0116166
0120632
0121361
0122020
0124115
0125544
0126203
0130046
0131405
0132134
0133563
0134222
0135651
0140153
0141512
0143600
0144336
0145065
0146424
0150260
0151626
0152355
0153014
0154443
0156531
0160304
0162462
0163121
0164550
0165216
0166645
0200122
0202210
0203646
0204305
0205034
0206463
0210236
0211665
0212324
0213053
0215141
0216500
0221002
0222431
0223160
0224526
0225255
0226614
0230450
0231116
0232545
0234633
0235362
0236021
0240564
0241223
0242652
0243311
0244040
0245406
0250601
0251330
0253425
0254154
0255513
0256242
0260015
0261444
0262103
0263532
0264261
0266356
0300533
0301262
0302621
0303350
0304016
0306104
0310640
0312035
0313464
0314123
0315552
0316211
0320054
0321413
0322142
0323501
0325666
0326325
0331520
0332256
0333615
0334344
0335003
0336432
0340205
0341634
0342363
0344451
0345110
0346546
0350312
0351041
0352400
0353136
0354565
0355224
0360426
0361155
0363243
0364602
0365331
0366060
0400244
0401603
0403061
0404420
0405156
0406515
0410351
0411010
0412446
0413105
0414534
0416622
0420465
0422553
0423212
0424641
0425300
0426036
0430502
0431231
0432660
0433326
0435414
0436143
0441345
0442004
0443433
0444162
0445521
0446250
0450023
0451452
0452111
0454206
0455635
0456364
0460130
0461566
0462225
0463654
0464313
0465042
0500655
0501314
0502043
0503402
0504131
0505560
0510062
0511421
0513516
0514245
0515604
0516333
0520106
0521535
0522264
0523623
0524352
0526440
0530213
0532301
0533030
0534466
0535125
0536554
0540320
0541056
0542415
0543144
0545232
0546661
0551163
0552522
0553251
0554610
0555346
0556005
0560541
0561200
0562636
0564024
0565453
0566112
0600366
0601025
0602454
0604542
0605201
0606630
0610403
0611132
0612561
0613220
0614656
0615315
0620510
0621246
0623334
0624063
0625422
0626151
0630624
0631353
0632012
0633441
0634100
0636265
0640031
0642126
0643555
0644214
0645643
0646302
0650145
0651504
0652233
0653662
0655050
0656416
0661611
0662340
0663006
0664435
0665164
0666523
1000634
1002022
1003451
1004110
1005546
1006205
1010041
1011400
1012136
1013565
1015653
1016312
1021514
1022243
1023602
1024331
1025060
1026426
1030262
1031621
1032350
1034445
1035104
1036533
1040306
1041035
1042464
1043123
1044552
1045211
1050413
1051142
1053230
1054666
1055325
1056054
1060520
1061256
1062615
1063344
1064003
1066161
1100345
1101004
1102433
1103162
1104521
1106616
1110452
1112540
1113206
1114635
1115364
1116023
1120566
1121225
1122654
1123313
1125401
1126130
1131332
1132061
1133420
1134156
1135515
1136244
1140010
1141446
1142105
1144263
1145622
1146351
1150124
1151553
1152212
1153641
1154300
1155036
1160231
1161660
1163055
1164414
1165143
1166502
1200056
1201415
1203503
1204232
1205661
1206320
1210163
1211522
1212251
1213610
1214346
1216434
1220200
1222365
1223024
1224453
1225112
1226541
1230314
1231043
1232402
1233131
1235226
1236655
1241150
1242516
1243245
1244604
1245333
1246062
1250535
1251264
1252623
1254011
1255440
1256106
1260642
1261301
1262030
1263466
1264125
1265554
1300460
1301126
1302555
1303214
1304643
1305302
1310504
1311233
1313321
1314050
1315416
1316145
1320611
1321340
1322006
1323435
1324164
1326252
1330025
1332113
1333542
1334201
1335630
1336366
1340132
1341561
1342220
1343656
1345044
1346403
1351605
1352334
1353063
1354422
1355151
1356510
1360353
1361012
1362441
1364536
1365265
1366624
1400101
1401530
1402266
1404354
1405013
1406442
1410215
1411644
1412303
1413032
1414461
1415120
1420322
1421051
1423146
1424505
1425234
1426663
1430436
1431165
1432524
1433253
1434612
1436000
1440543
1442631
1443360
1444026
1445455
1446114
1450650
1451316
1452045
1453404
1455562
1456221
1461423
1462152
1463511
1464240
1465606
1466335
1501241
1502600
1503336
1504065
1505424
1506153
1510626
1511355
1512014
1514102
1515531
1516260
1520033
1521462
1522121
1523550
1524216
1525645
1530140
1531506
1533664
1534323
1535052
1536411
1540254
1541613
1542342
1543001
1544430
1546525
1550361
1552456
1553115
1554544
1555203
1556632
1560405
1561134
1562563
1563222
1565310
1566046
1600223
1601652
1602311
1603040
1605135
1606564
1611066
1612425
1613154
1614513
1615242
1616601
1620444
1621103
1622532
1624620
1625356
1626015
1630551
1631210
1632646
1633305
1634034
1635463
1640665
1641324
1643412
1644141
1645500
1646236
1650002
1651431
1652160
1653526
1654255
1656343
1660116
1662204
1663633
1664362
1665021
1666450
2000561
2001220
2003315
2004044
2005403
2006132
2010605
2011334
2012063
2013422
2014151
2016246
2020012
2022100
2023536
2024265
2025624
2026353
2030126
2031555
2032214
2033643
2035031
2036460
2041662
2042321
2043050
2044416
2045145
2046504
2050340
2051006
2052435
2054523
2055252
2056611
2060454
2061113
2062542
2063201
2064630
2065366
2100202
2101631
2102360
2103026
2104455
2105114
2110316
2111045
2113133
2114562
2115221
2116650
2120423
2121152
2122511
2123240
2124606
2126064
2130530
2132625
2133354
2134013
2135442
2136101
2140644
2141303
2142032
2143461
2145556
2146215
2151410
2152146
2153505
2154234
2155663
2156322
2160165
2161524
2162253
2164341
2165000
2166436
2200613
2201342
2202001
2204166
2205525
2206254
2210020
2211456
2212115
2213544
2214203
2215632
2220134
2221563
2223651
2224310
2225046
2226405
2230241
2231600
2232336
2233065
2234424
2236512
2240355
2242443
2243102
2244531
2245260
2246626
2250462
2251121
2252550
2253216
2255304
2256033
2261235
2262664
2263323
2264052
2265411
2266140
2301053
2302412
2303141
2304500
2305236
2306665
2310431
2311160
2312526
2314614
2315343
2316002
2320545
2321204
2322633
2323362
2324021
2325450
2330652
2331311
2333406
2334135
2335564
2336223
2340066
2341425
2342154
2343513
2344242
2346330
2350103
2352261
2353620
2354356
2355015
2356444
2360210
2361646
2362305
2363034
2365122
2366551
2400035
2401464
2402123
2403552
2405640
2406306
2411501
2412230
2413666
2414325
2415054
2416413
2420256
2421615
2422344
2424432
2425161
2426520
2430363
2431022
2432451
2433110
2434546
2435205
2440400
2441136
2443224
2444653
2445312
2446041
2450514
2451243
2452602
2453331
2454060
2456155
2460621
2462016
2463445
2464104
2465533
2466262
2500446
2502534
2503263
2504622
2505351
2506010
2510553
2511212
2512641
2513300
2515465
2516124
2521326
2522055
2523414
2524143
2525502
2526231
2530004
2531433
2532162
2534250
2535616
2536345
2540111
2541540
2542206
2543635
2544364
2545023
2550225
2551654
2553042
2554401
2555130
2556566
2560332
2561061
2562420
2563156
2564515
2566603
2600150
2601516
2602245
2603604
2604333
2606421
2610264
2612352
2613011
2614440
2615106
2616535
2620301
2621030
2622466
2623125
2625213
2626642
2631144
2632503
2633232
2634661
2635320
2636056
2640522
2641251
2642610
2644005
2645434
2646163
2650636
2651365
2652024
2653453
2654112
2655541
2660043
2661402
2663560
2664226
2665655
2666314
3000425
3001154
3002513
3004601
3005330
3006066
3010532
3011261
3012620
3013356
3014015
3015444
3020646
3021305
3023463
3024122
3025551
3026210
3030053
3031412
3032141
3033500
3034236
3036324
3040160
3042255
3043614
3044343
3045002
3046431
3050204
3051633
3052362
3053021
3055116
3056545
3061040
3062406
3063135
3064564
3065223
3066652
3101565
3102224
3103653
3104312
3105041
3106400
3110243
3111602
3112331
3114426
3115155
3116514
3120350
3121016
3122445
3123104
3124533
3125262
3130464
3131123
3133211
3134640
3135306
3136035
3140501
3141230
3142666
3143325
3144054
3146142
3150615
3152003
3153432
3154161
3155520
3156256
3160022
3161451
3162110
3163546
3165634
3166363
3200540
3201206
3202635
3203364
3205452
3206111
3211313
3212042
3213401
3214130
3215566
3216225
3220061
3221420
3222156
3224244
3225603
3226332
3230105
3231534
3232263
3233622
3234351
3235010
3240212
3241641
3243036
3244465
3245124
3246553
3250326
3251055
3252414
3253143
3254502
3256660
3260433
3262521
3263250
3264616
3265345
3266004
3300251
3302346
3303005
3304434
3305163
3306522
3310365
3311024
3312453
3313112
3315200
3316636
3321131
3322560
3323226
3324655
3325314
3326043
3330516
3331245
3332604
3334062
3335421
3336150
3340623
3341352
3342011
3343440
3344106
3345535
3350030
3351466
3353554
3354213
3355642
3356301
3360144
3361503
3362232
3363661
3364320
3366415
3400662
3401321
3402050
3403416
3404145
3406233
3410006
3412164
3413523
3414252
3415611
3416340
3420113
3421542
3422201
3423630
3425025
3426454
3431656
3432315
3433044
3434403
3435132
3436561
3440334
3441063
3442422
3444510
3445246
3446605
3450441
3451100
3452536
3453265
3454624
3455353
3460555
3461214
3463302
3464031
3465460
3466126
3500303
3501032
3503120
3504556
3505215
3506644
3510410
3511146
3512505
3513234
3514663
3516051
3520524
3522612
3523341
3524000
3525436
3526165
3530631
3531360
3532026
3533455
3535543
3536202
3541404
3542133
3543562
3544221
3545650
3546316
3550152
3551511
3552240
3554335
3555064
3556423
3560266
3561625
3562354
3563013
3564442
3565101
3600014
3601443
3602102
3603531
3604260
3605626
3610121
3611550
3613645
3614304
3615033
3616462
3620235
3621664
3622323
3623052
3624411
3626506
3630342
3632430
3633166
3634525
3635254
3636613
3640456
3641115
3642544
3643203
3645361
3646020
3651222
3652651
3653310
3654046
3655405
3656134
3660600
3661336
3662065
3664153
3665512
3666241
4000352
4001011
4002440
4003106
4005264
4006623
4011125
4012554
4013213
4014642
4015301
4016030
4020503
4021232
4022661
4024056
4025415
4026144
4030610
4031346
4032005
4033434
4034163
4035522
4040024
4041453
4043541
4044200
4045636
4046365
4050131
4051560
4052226
4053655
4054314
4056402
4060245
4062333
4063062
4064421
4065150
4066516
4100063
4102151
4103510
4104246
4105605
4106334
4110100
4111536
4112265
4113624
4115012
4116441
4121643
4122302
4123031
4124460
4125126
4126555
4130321
4131050
4132416
4134504
4135233
4136662
4140435
4141164
4142523
4143252
4144611
4145340
4150542
4151201
4153366
4154025
4155454
4156113
4160656
4161315
4162044
4163403
4164132
4166220
4200404
4201133
4202562
4203221
4204650
4206045
4210511
4212606
4213335
4214064
4215423
4216152
4220625
4221354
4222013
4223442
4225530
4226266
4231461
4232120
4233556
4234215
4235644
4236303
4240146
4241505
4242234
4244322
4245051
4246410
4250253
4251612
4252341
4253000
4254436
4255165
4260360
4261026
4263114
4264543
4265202
4266631
4300115
4301544
4303632
4304361
4305020
4306456
4310222
4311651
4312310
4313046
4314405
4316563
4320336
4322424
4323153
4324512
4325241
4326600
4330443
4331102
4332531
4333260
4335355
4336014
4341216
4342645
4343304
4344033
4345462
4346121
4350664
4351323
4352052
4354140
4355506
4356235
4360001
4361430
4362166
4363525
4364254
4365613
4400526
4401255
4402614
4403343
4404002
4405431
4410633
4411362
4413450
4414116
4415545
4416204
4420040
4421406
4422135
4423564
4424223
4426311
4430154
4432242
4433601
4434330
4435066
4436425
4440261
4441620
4442356
4443015
4445103
4446532
4451034
4452463
4453122
4454551
4455210
4456646
4460412
4461141
4462500
4464665
4465324
4466053
4500230
4501666
4502325
4504413
4505142
4506501
4510344
4511003
4512432
4513161
4514520
4515256
4520451
4521110
4523205
4524634
4525363
4526022
4530565
4531224
4532653
4533312
4534041
4536136
4540602
4542060
4543426
4544155
4545514
4546243
4550016
4551445
4552104
4553533
4555621
4556350
4561552
4562211
4563640
4564306
4565035
4566464
4601300
4602036
4603465
4604124
4605553
4606212
4610055
4611414
4612143
4614231
4615660
4616326
4620162
4621521
4622250
4623616
4624345
4625004
4630206
4631635
4633023
4634452
4635111
4636540
4640313
4641042
4642401
4643130
4644566
4646654
4650420
4652515
4653244
4654603
4655332
4656061
4660534
4661263
4662622
4663351
4665446
4666105
5000216
5001645
5002304
5003033
5004462
5006550
5010323
5012411
5013140
5014506
5015235
5016664
5020430
5021166
5022525
5023254
5025342
5026001
5031203
5032632
5033361
5034020
5035456
5036115
5040651
5041310
5042046
5044134
5045563
5046222
5050065
5051424
5052153
5053512
5054241
5055600
5060102
5061531
5063626
5064355
5065014
5066443
5100620
5101356
5103444
5104103
5105532
5106261
5110034
5111463
5112122
5113551
5114210
5116305
5120141
5122236
5123665
5124324
5125053
5126412
5130255
5131614
5132343
5133002
5135160
5136526
5141021
5142450
5143116
5144545
5145204
5146633
5150406
5151135
5152564
5154652
5155311
5156040
5160513
5161242
5162601
5163330
5164066
5165425
5200331
5201060
5202426
5203155
5204514
5205243
5210445
5211104
5213262
5214621
5215350
5216016
5220552
5221211
5222640
5223306
5224035
5226123
5230666
5232054
5233413
5234142
5235501
5236230
5240003
5241432
5242161
5243520
5245615
5246344
5251546
5252205
5253634
5254363
5255022
5256451
5260224
5261653
5262312
5264400
5265136
5266565
5300042
5301401
5302130
5304225
5305654
5306313
5310156
5311515
5312244
5313603
5314332
5315061
5320263
5321622
5323010
5324446
5325105
5326534
5330300
5331036
5332465
5333124
5334553
5336641
5340414
5342502
5343231
5344660
5345326
5346055
5350521
5351250
5352616
5353345
5355433
5356162
5361364
5362023
5363452
5364111
5365540
5366206
5401112
5402541
5403200
5404636
5405365
5406024
5410560
5411226
5412655
5414043
5415402
5416131
5420604
5421333
5422062
5423421
5424150
5425516
5430011
5431440
5433535
5434264
5435623
5436352
5440125
5441554
5442213
5443642
5444301
5446466
5450232
5452320
5453056
5454415
5455144
5456503
5460346
5461005
5462434
5463163
5465251
5466610
5500164
5501523
5502252
5503611
5505006
5506435
5511630
5512366
5513025
5514454
5515113
5516542
5520315
5521044
5522403
5524561
5525220
5526656
5530422
5531151
5532510
5533246
5534605
5535334
5540536
5541265
5543353
5544012
5545441
5546100
5550643
5551302
5552031
5553460
5554126
5556214
5560050
5562145
5563504
5564233
5565662
5566321
5600505
5602663
5603322
5604051
5605410
5606146
5610612
5611341
5612000
5613436
5615524
5616253
5621455
5622114
5623543
5624202
5625631
5626360
5630133
5631562
5632221
5634316
5635045
5636404
5640240
5641606
5642335
5643064
5644423
5645152
5650354
5651013
5653101
5654530
5655266
5656625
5660461
5661120
5662556
5663215
5664644
5666032
6000143
6001502
6002231
6003660
6004326
6005055
6010250
6011616
6013004
6014433
6015162
6016521
6020364
6021023
6022452
6023111
6024540
6026635
6030401
6032566
6033225
6034654
6035313
6036042
6040515
6041244
6042603
6043332
6045420
6046156
6051351
6052010
6053446
6054105
6055534
6056263
6060036
6061465
6062124
6064212
6065641
6066300
6100554
6101213
6102642
6104030
6105466
6106125
6110661
6111320
6112056
6113415
6114144
6115503
6120005
6121434
6123522
6124251
6125610
6126346
6130112
6131541
6132200
6133636
6134365
6136453
6140226
6142314
6143043
6144402
6145131
6146560
6150333
6151062
6152421
6153150
6155245
6156604
6161106
6162535
6163264
6164623
6165352
6166011
6201624
6202353
6203012
6204441
6205100
6206536
6210302
6211031
6212460
6214555
6215214
6216643
6220416
6221145
6222504
6223233
6224662
6225321
6230523
6231252
6233340
6234006
6235435
6236164
6240630
6241366
6242025
6243454
6244113
6246201
6250044
6252132
6253561
6254220
6255656
6256315
6260151
6261510
6262246
6263605
6265063
6266422
6300606
6301335
6302064
6303423
6305511
6306240
6311442
6312101
6313530
6314266
6315625
6316354
6320120
6321556
6322215
6324303
6325032
6326461
6330234
6331663
6332322
6333051
6334410
6335146
6340341
6341000
6343165
6344524
6345253
6346612
6350455
6351114
6352543
6353202
6354631
6356026
6360562
6362650
6363316
6364045
6365404
6366133
6400310
6402405
6403134
6404563
6405222
6406651
6410424
6411153
6412512
6413241
6415336
6416065
6421260
6422626
6423355
6424014
6425443
6426102
6430645
6431304
6432033
6434121
6435550
6436216
6440052
6441411
6442140
6443506
6444235
6445664
6450166
6451525
6453613
6454342
6455001
6456430
6460203
6461632
6462361
6463020
6464456
6466544
6500021
6501450
6502116
6503545
6504204
6506362
6510135
6512223
6513652
6514311
6515040
6516406
6520242
6521601
6522330
6523066
6525154
6526513
6531015
6532444
6533103
6534532
6535261
6536620
6540463
6541122
6542551
6544646
6545305
6546034
6550500
6551236
6552665
6553324
6554053
6555412
6560614
6561343
6563431
6564160
6565526
6566255
6600432
6601161
6603256
6604615
6605344
6606003
6610546
6611205
6612634
6613363
6614022
6616110
6620653
6622041
6623400
6624136
6625565
6626224
6630060
6631426
6632155
6633514
6635602
6636331
6641533
6642262
6643621
6644350
6645016
6646445
6650211
6651640
6652306
6654464
6655123
6656552
6660325
6661054
6662413
6663142
6664501
6665230
