Summary of sequences of small complexity=3 which yield debruijn sequences:
Total number of sequences in this file: 100
02044
04033
03011
01022
02201
01103
03304
04402
00131
00343
00212
00424
02332
01441
04114
03223
01310
03430
02120
04240
10013
10220
10301
11030
12002
10144
14041
12214
11404
11242
13312
14410
11323
13231
12421
13100
13443
14122
12133
14334
20021
20102
20440
20233
21124
22010
23032
21331
21200
23320
21412
24004
22303
24423
22141
22434
23113
23244
24342
24211
30034
30110
30322
30403
31001
32023
32230
31132
33040
31213
31344
32311
34431
33202
32442
34143
33121
34224
33414
34300
40042
40204
40330
41140
41014
40411
41433
41221
42243
43003
42324
42112
44020
43341
42400
43134
43422
44101
44313
44232
