Summary of sequences of small complexity=79 which yield debruijn sequences:
Total number of sequences in this file: 299
0000001000001011
0000001000100011
0000001000101001
0000001000110111
0000001000111101
0000001001000101
0000001001001111
0000001001010001
0000001001011011
0000001001100111
0000001001110011
0000001001111001
0000001010000011
0000001010001001
0000001010010111
0000001010011101
0000001010101011
0000001010110101
0000001010111111
0000001011000111
0000001011010011
0000001011100101
0000001011101111
0000001011110001
0000001011111011
0000001100000101
0000001100001111
0000001100010001
0000001100100111
0000001100101101
0000001100110011
0000001100111001
0000001101000001
0000001101001011
0000001101010101
0000001101011111
0000001101101001
0000001101110111
0000001101111101
0000001110000111
0000001110001101
0000001110010011
0000001110011001
0000001110100101
0000001110110001
0000001110111011
0000001111000011
0000001111001001
0000001111011101
0000001111101011
0000001111110101
0000001111111111
0000010000010011
0000010000011001
0000010001011101
0000010001110101
0000010011011111
0000010011100011
0000010011111101
0000010100011101
0000010101010011
0000010101101111
0000010101110001
0000010110100011
0000010110110111
0000010110111101
0000010111000101
0000010111001111
0000010111010001
0000010111101101
0000010111111001
0000011000001111
0000011000101101
0000011000111001
0000011001001011
0000011001010101
0000011010000111
0000011010010011
0000011011111111
0000011100001011
0000011100011111
0000011101101101
0000011110011101
0000011110110101
0000011110111111
0000011111000111
0000011111011001
0000011111101111
0000011111111011
0000100001000101
0000100001001111
0000100001010001
0000100001111001
0000100011000111
0000100011001101
0000100011010011
0000100100011011
0000100100100111
0000100100101101
0000100100111001
0000100101110111
0000100110001101
0000100110010011
0000100110101111
0000100110111011
0000100111001001
0000100111011101
0000101000101011
0000101001001101
0000101001101111
0000101010010101
0000101100010011
0000101100011001
0000101100100101
0000101100110001
0000101101001001
0000101101101011
0000101110111001
0000101111001011
0000110001011111
0000110010001101
0000110010011001
0000110010110001
0000110100111101
0000110101000101
0000110101001111
0000110101011011
0000110101101101
0000110110001001
0000110110101011
0000110110111111
0000110111011001
0000110111111011
0000111000110001
0000111001001001
0000111011101001
0000111011110111
0000111100101011
0000111101011001
0000111101100101
0000111110011111
0000111110100011
0000111111011011
0001000100010111
0001000100011101
0001000100101011
0001000100110101
0001000101001101
0001000101011001
0001000101100101
0001000101101111
0001000101111011
0001000110101001
0001000110111101
0001000111101101
0001001001010101
0001001001100011
0001001100011111
0001001100100011
0001001101011011
0001001101100111
0001001101101101
0001001101111001
0001001110010111
0001001111000111
0001001111011001
0001010001010011
0001010001100101
0001010001101111
0001010001111011
0001010011001111
0001010100101111
0001010101001001
0001010101111111
0001010110100111
0001010111011111
0001010111111101
0001011000111101
0001011010010111
0001011011011001
0001011101001011
0001011110001101
0001011110111011
0001011111101011
0001011111110101
0001011111111111
0001100011001001
0001100100011111
0001100101011011
0001100101100111
0001100101110011
0001100110010111
0001100111000111
0001100111010011
0001101001011101
0001101001111111
0001101011111101
0001101101010011
0001101101011001
0001101101111011
0001101110110111
0001101110111101
0001101111011011
0001110001110011
0001110001111001
0001110010010111
0001110010110101
0001110011010011
0001110011011001
0001110100100111
0001110100101101
0001110100110011
0001110100111001
0001110101011111
0001110101110111
0001110110111011
0001110111010111
0001111001100101
0001111001101111
0001111010010101
0001111011001111
0001111101010111
0001111101110101
0001111111001011
0001111111010101
0001111111111101
0010010011010111
0010010011101011
0010010100111101
0010010101011011
0010010110011101
0010010110101011
0010010110111111
0010010111001101
0010010111100101
0010010111101111
0010011001101011
0010011010101101
0010011010110011
0010011011010101
0010011011011111
0010011110111101
0010011111011011
0010011111101101
0010100101101011
0010100110100111
0010100110101101
0010100111001011
0010101011010011
0010101101001011
0010101101111101
0010101111101011
0010110011011111
0010110011110111
0010110101001101
0010110101010011
0010110110011111
0010111001111101
0010111010101111
0010111011011101
0010111011101011
0010111100110111
0010111100111101
0010111101011011
0010111110011101
0010111110110101
0011001101101111
0011001111011011
0011010011101111
0011010011111011
0011010110101111
0011010111011101
0011010111110101
0011011010011111
0011011010110111
0011011010111101
0011011011011011
0011011101111111
0011011111011111
0011101010101111
0011101100111101
0011101101011011
0011101110111111
0011110101010111
0011110101011101
0011110101101011
0011110101111111
0011111011111011
0011111101110111
0011111110101111
0011111110111011
0011111111111111
0101101111011111
0101101111110111
0101110111111011
0101111101111011
0110111011101111
0110111101110111
0110111111111111
