Summary of sequences of small complexity=49 which yield debruijn sequences:
Total number of sequences in this file: 739
00111000001000001100011111011111
00101000001000001101011111011111
00011000001000001110011111011111
00001000001000001111011111011111
01011000001000001010011111011111
01111000001000001000011111011111
00000100001000001111101111011111
00010100001000001110101111011111
01000100001000001011101111011111
01100100001000001001101111011111
00110100001000001100101111011111
01010100001000001010101111011111
00101100001000001101001111011111
01001100001000001011001111011111
00001100001000001111001111011111
01101100001000001001001111011111
00011100001000001110001111011111
01011100001000001010001111011111
00111100001000001100001111011111
01100010001000001001110111011111
00100010001000001101110111011111
00010010001000001110110111011111
00001010001000001111010111011111
00110010001000001100110111011111
01110010001000001000110111011111
01001010001000001011010111011111
00011010001000001110010111011111
00000110001000001111100111011111
01101010001000001001010111011111
01011010001000001010010111011111
00111010001000001100010111011111
00010110001000001110100111011111
01110110001000001000100111011111
00001110001000001111000111011111
01010110001000001010100111011111
00110110001000001100100111011111
01001110001000001011000111011111
00101110001000001101000111011111
00011110001000001110000111011111
00111110001000001100000111011111
00100001001000001101111011011111
01001001001000001011011011011111
00101001001000001101011011011111
01101001001000001001011011011111
00011001001000001110011011011111
01011001001000001010011011011111
00111001001000001100011011011111
00000101001000001111101011011111
01111001001000001000011011011111
01000101001000001011101011011111
00010101001000001110101011011111
00110101001000001100101011011111
01110101001000001000101011011111
01010101001000001010101011011111
01001101001000001011001011011111
00001101001000001111001011011111
01101101001000001001001011011111
00101101001000001101001011011111
00011101001000001110001011011111
01011101001000001010001011011111
00100011001000001101110011011111
01000011001000001011110011011111
01100011001000001001110011011111
00010011001000001110110011011111
00001011001000001111010011011111
00110011001000001100110011011111
00101011001000001101010011011111
01011011001000001010010011011111
00111011001000001100010011011111
01111011001000001000010011011111
01000111001000001011100011011111
01100111001000001001100011011111
01010111001000001010100011011111
01110111001000001000100011011111
01001111001000001011000011011111
00001111001000001111000011011111
00101111001000001101000011011111
00010000101000001110111101011111
00001000101000001111011101011111
00110000101000001100111101011111
01010000101000001010111101011111
01001000101000001011011101011111
00101000101000001101011101011111
01101000101000001001011101011111
01011000101000001010011101011111
00111000101000001100011101011111
00000100101000001111101101011111
01111000101000001000011101011111
01000100101000001011101101011111
00100100101000001101101101011111
01100100101000001001101101011111
00010100101000001110101101011111
00110100101000001100101101011111
01010100101000001010101101011111
01110100101000001000101101011111
01001100101000001011001101011111
00101100101000001101001101011111
01101100101000001001001101011111
01011100101000001010001101011111
00111100101000001100001101011111
01000010101000001011110101011111
00100010101000001101110101011111
01100010101000001001110101011111
00010010101000001110110101011111
01010010101000001010110101011111
00110010101000001100110101011111
01110010101000001000110101011111
00101010101000001101010101011111
01101010101000001001010101011111
00000110101000001111100101011111
01011010101000001010010101011111
01111010101000001000010101011111
00111010101000001100010101011111
00100110101000001101100101011111
01010110101000001010100101011111
00110110101000001100100101011111
00101110101000001101000101011111
00011110101000001110000101011111
01011110101000001010000101011111
01100001101000001001111001011111
00100001101000001101111001011111
00110001101000001100111001011111
00010001101000001110111001011111
01000001101000001011111001011111
01110001101000001000111001011111
01001001101000001011011001011111
00101001101000001101011001011111
01101001101000001001011001011111
01011001101000001010011001011111
00011001101000001110011001011111
01111001101000001000011001011111
00100101101000001101101001011111
00110101101000001100101001011111
01110101101000001000101001011111
00001101101000001111001001011111
01001101101000001011001001011111
01101101101000001001001001011111
00011101101000001110001001011111
01011101101000001010001001011111
01100011101000001001110001011111
00100011101000001101110001011111
00001011101000001111010001011111
01101011101000001001010001011111
00011011101000001110010001011111
01011011101000001010010001011111
00111011101000001100010001011111
01111011101000001000010001011111
00000111101000001111100001011111
00100111101000001101100001011111
01100111101000001001100001011111
00010111101000001110100001011111
01010111101000001010100001011111
00110111101000001100100001011111
01001111101000001011000001011111
01110000011000001000111110011111
00101000011000001101011110011111
01011000011000001010011110011111
00011000011000001110011110011111
01111000011000001000011110011111
00000100011000001111101110011111
01000100011000001011101110011111
01100100011000001001101110011111
00010100011000001110101110011111
01010100011000001010101110011111
00110100011000001100101110011111
01110100011000001000101110011111
00001100011000001111001110011111
00101100011000001101001110011111
01101100011000001001001110011111
00011100011000001110001110011111
01011100011000001010001110011111
01000010011000001011110110011111
00100010011000001101110110011111
00010010011000001110110110011111
01010010011000001010110110011111
00001010011000001111010110011111
01110010011000001000110110011111
01001010011000001011010110011111
00011010011000001110010110011111
01101010011000001001010110011111
00111010011000001100010110011111
01011010011000001010010110011111
01111010011000001000010110011111
00000110011000001111100110011111
00100110011000001101100110011111
00010110011000001110100110011111
01100110011000001001100110011111
01010110011000001010100110011111
00001110011000001111000110011111
01110110011000001000100110011111
00101110011000001101000110011111
01001110011000001011000110011111
00010001011000001110111010011111
01011110011000001010000110011111
01100001011000001001111010011111
01010001011000001010111010011111
00110001011000001100111010011111
01110001011000001000111010011111
00001001011000001111011010011111
00101001011000001101011010011111
01101001011000001001011010011111
00011001011000001110011010011111
00111001011000001100011010011111
01011001011000001010011010011111
01111001011000001000011010011111
00000101011000001111101010011111
00100101011000001101101010011111
01100101011000001001101010011111
00010101011000001110101010011111
01010101011000001010101010011111
00001101011000001111001010011111
01001101011000001011001010011111
00101101011000001101001010011111
01101101011000001001001010011111
01011101011000001010001010011111
00111101011000001100001010011111
00011101011000001110001010011111
01000011011000001011110010011111
00010011011000001110110010011111
01010011011000001010110010011111
00110011011000001100110010011111
01001011011000001011010010011111
00101011011000001101010010011111
00011011011000001110010010011111
01011011011000001010010010011111
00000111011000001111100010011111
01000111011000001011100010011111
01100111011000001001100010011111
00010111011000001110100010011111
00110111011000001100100010011111
01010111011000001010100010011111
00001111011000001111000010011111
01110111011000001000100010011111
01001111011000001011000010011111
01101111011000001001000010011111
01010000111000001010111100011111
00001000111000001111011100011111
01001000111000001011011100011111
01110000111000001000111100011111
00101000111000001101011100011111
01101000111000001001011100011111
00011000111000001110011100011111
01111000111000001000011100011111
01000100111000001011101100011111
00111000111000001100011100011111
00100100111000001101101100011111
00010100111000001110101100011111
00110100111000001100101100011111
01110100111000001000101100011111
00001100111000001111001100011111
01001100111000001011001100011111
00101100111000001101001100011111
01101100111000001001001100011111
00011100111000001110001100011111
00111100111000001100001100011111
01000010111000001011110100011111
00100010111000001101110100011111
00010010111000001110110100011111
01110010111000001000110100011111
00110010111000001100110100011111
00101010111000001101010100011111
00011010111000001110010100011111
01101010111000001001010100011111
01011010111000001010010100011111
01111010111000001000010100011111
00111010111000001100010100011111
00000110111000001111100100011111
00100110111000001101100100011111
00010110111000001110100100011111
01100110111000001001100100011111
01010110111000001010100100011111
00110110111000001100100100011111
00001110111000001111000100011111
01110110111000001000100100011111
00101110111000001101000100011111
01001110111000001011000100011111
01011110111000001010000100011111
00010001111000001110111000011111
01100001111000001001111000011111
01110001111000001000111000011111
00100001111000001101111000011111
00110001111000001100111000011111
00001001111000001111011000011111
01001001111000001011011000011111
00101001111000001101011000011111
01101001111000001001011000011111
00011001111000001110011000011111
00111001111000001100011000011111
01111001111000001000011000011111
00000101111000001111101000011111
01000101111000001011101000011111
01100101111000001001101000011111
00110101111000001100101000011111
01110101111000001000101000011111
00001101111000001111001000011111
00101101111000001101001000011111
01011101111000001010001000011111
00011101111000001110001000011111
01000010000100001011110111101111
01100010000100001001110111101111
00110010000100001100110111101111
01110010000100001000110111101111
00101010000100001101010111101111
01001010000100001011010111101111
01011010000100001010010111101111
00100110000100001101100111101111
01100110000100001001100111101111
00110110000100001100100111101111
01010110000100001010100111101111
00100001000100001101111011101111
01010001000100001010111011101111
01100001000100001001111011101111
00110001000100001100111011101111
01001001000100001011011011101111
00001001000100001111011011101111
00011001000100001110011011101111
01010101000100001010101011101111
00011101000100001110001011101111
01011101000100001010001011101111
00111101000100001100001011101111
01100011000100001001110011101111
00101011000100001101010011101111
01101011000100001001010011101111
01011011000100001010010011101111
01100111000100001001100011101111
00100111000100001101100011101111
00111011000100001100010011101111
00010111000100001110100011101111
00001111000100001111000011101111
00001000100100001111011101101111
01001000100100001011011101101111
00011000100100001110011101101111
00101000100100001101011101101111
01011000100100001010011101101111
00100100100100001101101101101111
00110100100100001100101101101111
01001100100100001011001101101111
00101100100100001101001101101111
00011100100100001110001101101111
00100010100100001101110101101111
01000010100100001011110101101111
01110010100100001000110101101111
01001010100100001011010101101111
00101010100100001101010101101111
01001110100100001011000101101111
00110110100100001100100101101111
00011110100100001110000101101111
00010001100100001110111001101111
00100001100100001101111001101111
01110001100100001000111001101111
00001001100100001111011001101111
01011001100100001010011001101111
01000101100100001011101001101111
00010101100100001110101001101111
01010101100100001010101001101111
00001101100100001111001001101111
01011101100100001010001001101111
01000011100100001011110001101111
01100011100100001001110001101111
00100011100100001101110001101111
01010011100100001010110001101111
01110011100100001000110001101111
00110011100100001100110001101111
01011011100100001010010001101111
01010111100100001010100001101111
01000100010100001011101110101111
01100100010100001001101110101111
01110100010100001000101110101111
00111100010100001100001110101111
01100010010100001001110110101111
00100010010100001101110110101111
01000010010100001011110110101111
00010010010100001110110110101111
01010010010100001010110110101111
01110010010100001000110110101111
00110010010100001100110110101111
00011010010100001110010110101111
00101010010100001101010110101111
00100110010100001101100110101111
00010110010100001110100110101111
01100110010100001001100110101111
01101110010100001001000110101111
01100001010100001001111010101111
00110001010100001100111010101111
01001001010100001011011010101111
00101001010100001101011010101111
00011001010100001110011010101111
00111001010100001100011010101111
01100101010100001001101010101111
01110101010100001000101010101111
00010101010100001110101010101111
01010101010100001010101010101111
01100011010100001001110010101111
00101011010100001101010010101111
01011011010100001010010010101111
00011011010100001110010010101111
00110111010100001100100010101111
01110111010100001000100010101111
01101000110100001001011100101111
00011000110100001110011100101111
00111000110100001100011100101111
00100100110100001101101100101111
01001100110100001011001100101111
00101100110100001101001100101111
01101100110100001001001100101111
00011100110100001110001100101111
00101010110100001101010100101111
01101010110100001001010100101111
00011010110100001110010100101111
01000110110100001011100100101111
01010110110100001010100100101111
00001110110100001111000100101111
01110110110100001000100100101111
00011110110100001110000100101111
01101110110100001001000100101111
00010001110100001110111000101111
01001001110100001011011000101111
00101001110100001101011000101111
01100101110100001001101000101111
00111001110100001100011000101111
00010101110100001110101000101111
00011101110100001110001000101111
01011101110100001010001000101111
00111101110100001100001000101111
00100011110100001101110000101111
00010011110100001110110000101111
01100011110100001001110000101111
00110011110100001100110000101111
00001100001100001111001111001111
00011100001100001110001111001111
01011100001100001010001111001111
00110010001100001100110111001111
01110010001100001000110111001111
00111010001100001100010111001111
01000110001100001011100111001111
00100110001100001101100111001111
01010110001100001010100111001111
00110110001100001100100111001111
01001110001100001011000111001111
01100001001100001001111011001111
01010001001100001010111011001111
01101001001100001001011011001111
00011001001100001110011011001111
00111001001100001100011011001111
00010101001100001110101011001111
00110101001100001100101011001111
00011101001100001110001011001111
01101101001100001001001011001111
01100011001100001001110011001111
00011011001100001110010011001111
01011011001100001010010011001111
00111011001100001100010011001111
00010111001100001110100011001111
01010111001100001010100011001111
01110111001100001000100011001111
00100100101100001101101101001111
01001100101100001011001101001111
01101100101100001001001101001111
01010010101100001010110101001111
01110010101100001000110101001111
01001010101100001011010101001111
00011010101100001110010101001111
01011010101100001010010101001111
01101010101100001001010101001111
01000110101100001011100101001111
01010110101100001010100101001111
01101110101100001001000101001111
01110001101100001000111001001111
00001001101100001111011001001111
01011001101100001010011001001111
00111001101100001100011001001111
01001101101100001011001001001111
00101101101100001101001001001111
01101101101100001001001001001111
01100011101100001001110001001111
01101011101100001001010001001111
01011011101100001010010001001111
01000100011100001011101110001111
00010100011100001110101110001111
01110100011100001000101110001111
00110100011100001100101110001111
01001100011100001011001110001111
01101100011100001001001110001111
00110010011100001100110110001111
01010010011100001010110110001111
01001010011100001011010110001111
00101010011100001101010110001111
01011010011100001010010110001111
01010110011100001010100110001111
00110110011100001100100110001111
01110110011100001000100110001111
01001110011100001011000110001111
01101110011100001001000110001111
00110001011100001100111010001111
01110001011100001000111010001111
01011001011100001010011010001111
01000101011100001011101010001111
00110101011100001100101010001111
01100101011100001001101010001111
01010101011100001010101010001111
00011101011100001110001010001111
00001011011100001111010010001111
01011011011100001010010010001111
01000111011100001011100010001111
01100111011100001001100010001111
00001111011100001111000010001111
00101000100010001101011101110111
01001000100010001011011101110111
01101000100010001001011101110111
01011000100010001010011101110111
00011000100010001110011101110111
00111000100010001100011101110111
00010100100010001110101101110111
01100100100010001001101101110111
01000100100010001011101101110111
00110100100010001100101101110111
01001100100010001011001101110111
00011100100010001110001101110111
01101100100010001001001101110111
00010010100010001110110101110111
01010010100010001010110101110111
01001010100010001011010101110111
00011010100010001110010101110111
01011010100010001010010101110111
00100110100010001101100101110111
01100110100010001001100101110111
01010110100010001010100101110111
00110110100010001100100101110111
01101110100010001001000101110111
00010001100010001110111001110111
01001001100010001011011001110111
00110001100010001100111001110111
00101001100010001101011001110111
01101001100010001001011001110111
00100101100010001101101001110111
00010101100010001110101001110111
00110101100010001100101001110111
00111001100010001100011001110111
01001101100010001011001001110111
00101101100010001101001001110111
01100011100010001001110001110111
01010011100010001010110001110111
01101011100010001001010001110111
00101011100010001101010001110111
01011011100010001010010001110111
01010100010010001010101110110111
00011100010010001110001110110111
00100010010010001101110110110111
01100010010010001001110110110111
01001010010010001011010110110111
00101010010010001101010110110111
01011010010010001010010110110111
00011010010010001110010110110111
00111010010010001100010110110111
01001110010010001011000110110111
01010110010010001010100110110111
00110110010010001100100110110111
00101110010010001101000110110111
00110001010010001100111010110111
00011001010010001110011010110111
00111001010010001100011010110111
00100101010010001101101010110111
01000101010010001011101010110111
00110101010010001100101010110111
00101101010010001101001010110111
01001101010010001011001010110111
00011101010010001110001010110111
01100011010010001001110010110111
01010011010010001010110010110111
01001011010010001011010010110111
01010111010010001010100010110111
00110111010010001100100010110111
01011000110010001010011100110111
00111000110010001100011100110111
00010100110010001110101100110111
00101100110010001101001100110111
01011100110010001010001100110111
00101010110010001101010100110111
01000110110010001011100100110111
01011010110010001010010100110111
00111010110010001100010100110111
00100110110010001101100100110111
00010110110010001110100100110111
01001110110010001011000100110111
00101110110010001101000100110111
01001001110010001011011000110111
00110001110010001100111000110111
01101001110010001001011000110111
01011001110010001010011000110111
00111001110010001100011000110111
00010101110010001110101000110111
00110101110010001100101000110111
00101010001010001101010111010111
01100110001010001001100111010111
01010110001010001010100111010111
00110001001010001100111011010111
01001001001010001011011011010111
00011001001010001110011011010111
01011001001010001010011011010111
00111001001010001100011011010111
01100101001010001001101011010111
01010101001010001010101011010111
00110101001010001100101011010111
00101101001010001101001011010111
01101101001010001001001011010111
00010011001010001110110011010111
01100011001010001001110011010111
00110011001010001100110011010111
00011011001010001110010011010111
01011011001010001010010011010111
00111011001010001100010011010111
01100111001010001001100011010111
01000111001010001011100011010111
00010111001010001110100011010111
01101000101010001001011101010111
01000100101010001011101101010111
01001100101010001011001101010111
01101100101010001001001101010111
00011100101010001110001101010111
01010010101010001010110101010111
00011010101010001110010101010111
01001010101010001011010101010111
01011010101010001010010101010111
00101010101010001101010101010111
01001110101010001011000101010111
00101110101010001101000101010111
01010001101010001010111001010111
00110001101010001100111001010111
01101001101010001001011001010111
00100101101010001101101001010111
01010101101010001010101001010111
00011101101010001110001001010111
00010011101010001110110001010111
01010011101010001010110001010111
00110100011010001100101110010111
01001100011010001011001110010111
00101100011010001101001110010111
01101100011010001001001110010111
00011100011010001110001110010111
00101010011010001101010110010111
01101010011010001001010110010111
00011010011010001110010110010111
01010110011010001010100110010111
01001110011010001011000110010111
01101001011010001001011010010111
00100101011010001101101010010111
01010101011010001010101010010111
01101101011010001001001010010111
01100011011010001001110010010111
00010011011010001110110010010111
00101011011010001101010010010111
00011011011010001110010010010111
00111011011010001100010010010111
01011011011010001010010010010111
01011000111010001010011100010111
01100111011010001001100010010111
01100100111010001001101100010111
00110100111010001100101100010111
00010100111010001110101100010111
00101100111010001101001100010111
01100011000110001001110011100111
00101011000110001101010011100111
01101011000110001001010011100111
00011011000110001110010011100111
00100111000110001101100011100111
01100111000110001001100011100111
01011011000110001010010011100111
00100100100110001101101101100111
00010100100110001110101101100111
01101100100110001001001101100111
00011100100110001110001101100111
01100010100110001001110101100111
00010010100110001110110101100111
00110010100110001100110101100111
00101010100110001101010101100111
01101010100110001001010101100111
00011010100110001110010101100111
01011010100110001010010101100111
01001110100110001011000101100111
00110001100110001100111001100111
00101001100110001101011001100111
00011001100110001110011001100111
00100101100110001101101001100111
01011001100110001010011001100111
00110101100110001100101001100111
01100011100110001001110001100111
01010011100110001010110001100111
00101100010110001101001110100111
01101100010110001001001110100111
00010010010110001110110110100111
00011100010110001110001110100111
00011010010110001110010110100111
01101010010110001001010110100111
01011010010110001010010110100111
00010110010110001110100110100111
01100110010110001001100110100111
01001001010110001011011010100111
00011001010110001110011010100111
01100101010110001001101010100111
00010101010110001110101010100111
01001101010110001011001010100111
00110101010110001100101010100111
01010101010110001010101010100111
00011101010110001110001010100111
01101101010110001001001010100111
00110011010110001100110010100111
00100100110110001101101100100111
01100100110110001001101100100111
00010100110110001110101100100111
00011100110110001110001100100111
01001010110110001011010100100111
01010010110110001010110100100111
00110010110110001100110100100111
01101010110110001001010100100111
00010110110110001110100100100111
00100110110110001101100100100111
00110110110110001100100100100111
00101001001001001101011011011011
01011001001001001010011011011011
01010101001001001010101011011011
01001100101001001011001101011011
00101100101001001101001101011011
01010010101001001010110101011011
00101010101001001101010101011011
01010110101001001010100101011011
00110110101001001100100101011011
01011001101001001010011001011011
00101001101001001101011001011011
00101001011001001101011010011011
00100110011001001101100110011011
01011001011001001010011010011011
01010101011001001010101010011011
01001101011001001011001010011011
00101101011001001101001010011011
01001101010101001011001010101011
00101101010101001101001010101011
01010011010101001010110010101011
01010101010101001010101010101011
00101011010101001101010010101011
