Summary of sequences of small complexity=13 which yield debruijn sequences:
Total number of sequences in this file: 65
0000001000001101
0000001000101111
0000001001001001
0000001001101011
0000001010000101
0000001011000001
0000001011100011
0000001100011101
0000001100111111
0000001101011001
0000001101111011
0000001110110111
0000001111010001
0000001111110011
0000010011000111
0000010100011011
0000010101011111
0000011011000101
0000011100011001
0000011111010101
0000100001000011
0000100011001011
0000100101010011
0000100111111001
0000101000100111
0000101010001101
0000101010101111
0000101100010101
0000101100110111
0000101110011101
0000110010101001
0000110100110001
0000111001000101
0000111011001101
0000111101010101
0001001000111111
0001001001111011
0001010101001111
0001011011110111
0001011111100111
0001100011011011
0001100111001011
0001101001110011
0001101111001001
0001110011111101
0001110111101101
0001111001010101
0010010100111011
0010010101011101
0010010111010101
0010011011100101
0010100101110011
0010100110011101
0010100110111111
0010100111111011
0010101010101101
0010110101010101
0010111110011011
0011010101101111
0011011001111101
0011110110101011
0011111011011111
0101011010110111
0101011101101011
0110110110111111
